0 3
1 22 0 0 0 0 -7.61994e-05 0.00231988 0.00212981 0.0031502 0 11.5144 -105.845 64.0062 0 
1 22 0 0 0 0 0.00236183 0.000387123 -0.00141786 0.0027818 0 11.5144 -105.845 64.0062 0 
1 22 0 0 0 0 0.000113477 0.000122931 1.98366e-07 0.0001673 0 11.5144 -105.845 64.0062 0 
1 3
1 22 0 0 0 0 0.000279179 -0.00470349 -0.000560622 0.004745 0 4.21275 -57.3147 218.673 0 
1 22 0 0 0 0 -0.000113297 -0.000498583 -0.00107102 0.0011868 0 4.21275 -57.3147 218.673 0 
1 22 0 0 0 0 -0.000111924 -0.000115333 4.64807e-05 0.0001673 0 4.21275 -57.3147 218.673 0 
2 3
1 22 0 0 0 0 0.00364094 0.000655882 0.00297127 0.004745 0 -10.6878 -51.2439 43.7699 0 
1 22 0 0 0 0 0.000956259 0.00039749 0.000579711 0.0011868 0 -10.6878 -51.2439 43.7699 0 
1 22 0 0 0 0 -9.23115e-07 4.02729e-05 -0.000162378 0.0001673 0 -10.6878 -51.2439 43.7699 0 
3 3
1 22 0 0 0 0 -0.00319224 0.00108184 0.0033398 0.004745 0 -7.22304 -62.5435 26.8562 0 
1 22 0 0 0 0 0.000908978 0.000552968 -0.000525814 0.0011868 0 -7.22304 -62.5435 26.8562 0 
1 22 0 0 0 0 5.99885e-05 -0.000112307 0.000108526 0.0001673 0 -7.22304 -62.5435 26.8562 0 
4 3
1 22 0 0 0 0 2.16187e-05 -0.00262893 -0.000878143 0.0027718 0 5.07881 -124.849 29.0845 0 
1 22 0 0 0 0 -0.000844998 -0.00166856 0.0020978 0.0028105 0 5.07881 -124.849 29.0845 0 
1 22 0 0 0 0 -0.000507895 6.46982e-05 6.41312e-05 0.000516 0 5.07881 -124.849 29.0845 0 
5 4
1 22 0 0 0 0 -0.00428213 -0.0010695 -0.001742 0.004745 0 -9.50381 -63.7297 251.833 0 
1 22 0 0 0 0 -0.000802173 -0.000222405 9.37856e-05 0.0008377 0 -9.50381 -63.7297 251.833 0 
1 22 0 0 0 0 0.000170265 -0.000299942 5.13476e-05 0.0003487 0 -9.50381 -63.7297 251.833 0 
1 22 0 0 0 0 -1.57972e-05 -0.000121368 0.00011406 0.0001673 0 -9.50381 -63.7297 251.833 0 
6 3
1 22 0 0 0 0 0.00381341 -0.00212236 -0.00186239 0.004745 0 -4.08594 3.1612 41.0708 545836 
1 22 0 0 0 0 -0.00117604 -0.000138317 -7.93531e-05 0.0011868 0 -4.08594 3.1612 41.0708 545836 
1 22 0 0 0 0 7.69201e-05 0.000106865 -0.00010321 0.0001673 0 -4.08594 3.1612 41.0708 545836 
7 3
1 22 0 0 0 0 -0.0025722 -0.000403242 0.000950812 0.0027718 0 5.05671 -6.17513 21.5641 341966 
1 22 0 0 0 0 -0.000280614 -0.000894738 -0.00264945 0.0028105 0 5.05671 -6.17513 21.5641 341966 
1 22 0 0 0 0 0.000454596 0.000204108 -0.000133935 0.000516 0 5.05671 -6.17513 21.5641 341966 
8 3
1 22 0 0 0 0 -0.00337868 0.00229594 0.00241417 0.004745 0 11.0942 -40.0305 230.551 0 
1 22 0 0 0 0 0.00112623 -0.000371936 -4.19033e-05 0.0011868 0 11.0942 -40.0305 230.551 0 
1 22 0 0 0 0 7.50887e-05 -9.43873e-05 -0.00011594 0.0001673 0 11.0942 -40.0305 230.551 0 
9 4
1 22 0 0 0 0 -1.46387e-05 0.00296225 -0.00221762 0.0037004 0 -10.31 37.3196 141.771 0 
1 22 0 0 0 0 -0.000421334 -0.000842519 0.000450778 0.0010443 0 -10.31 37.3196 141.771 0 
1 22 0 0 0 0 -0.0010077 -0.000464687 -0.000420839 0.0011868 0 -10.31 37.3196 141.771 0 
1 22 0 0 0 0 -3.89656e-05 6.49492e-05 -0.000149173 0.0001673 0 -10.31 37.3196 141.771 0 
10 2
1 22 0 0 0 0 0.0041391 0.00271744 -0.00257722 0.005582 0 3.90832 -21.0938 138.085 0 
1 22 0 0 0 0 0.000175546 -0.000381603 0.000299698 0.000516 0 3.90832 -21.0938 138.085 0 
11 3
1 22 0 0 0 0 -0.00391427 -0.00192603 0.00186652 0.004745 0 -8.61835 -141.385 225.515 0 
1 22 0 0 0 0 -0.000428489 -0.000479919 0.000997281 0.0011868 0 -8.61835 -141.385 225.515 0 
1 22 0 0 0 0 9.55905e-05 0.000107659 -8.52131e-05 0.0001673 0 -8.61835 -141.385 225.515 0 
12 3
1 22 0 0 0 0 -0.000166897 -0.00134466 -0.00241804 0.0027718 0 -7.01398 -20.0072 278.654 0 
1 22 0 0 0 0 0.00181811 0.00124363 -0.0017455 0.0028105 0 -7.01398 -20.0072 278.654 0 
1 22 0 0 0 0 0.000223774 -2.74296e-05 0.000464143 0.000516 0 -7.01398 -20.0072 278.654 0 
13 3
1 22 0 0 0 0 -0.00223898 0.00127449 -0.00102251 0.0027718 0 7.25348 158.559 133.143 0 
1 22 0 0 0 0 0.000736134 -0.00233978 -0.00137202 0.0028105 0 7.25348 158.559 133.143 0 
1 22 0 0 0 0 -0.000496237 -8.743e-05 -0.000111178 0.000516 0 7.25348 158.559 133.143 0 
14 3
1 22 0 0 0 0 0.000366461 -0.00114191 0.00459094 0.004745 0 -8.00517 159.084 27.6759 0 
1 22 0 0 0 0 -0.000377168 0.00112412 -5.0967e-05 0.0011868 0 -8.00517 159.084 27.6759 0 
1 22 0 0 0 0 -0.000126493 6.44813e-05 -8.84933e-05 0.0001673 0 -8.00517 159.084 27.6759 0 
15 3
1 22 0 0 0 0 0.00431483 0.00185527 0.000674712 0.004745 0 -5.90539 -27.6575 174.514 0 
1 22 0 0 0 0 -8.19885e-05 0.00109529 -0.000449569 0.0011868 0 -5.90539 -27.6575 174.514 0 
1 22 0 0 0 0 -8.60711e-06 0.000136172 9.6811e-05 0.0001673 0 -5.90539 -27.6575 174.514 0 
16 4
1 22 0 0 0 0 -0.00208957 0.00204151 -0.00227131 0.0037004 0 11.1021 -50.9252 45.5968 0 
1 22 0 0 0 0 0.000690485 0.000415352 -0.000664286 0.0010443 0 11.1021 -50.9252 45.5968 0 
1 22 0 0 0 0 -0.000524268 0.000348909 0.00100593 0.0011868 0 11.1021 -50.9252 45.5968 0 
1 22 0 0 0 0 0.000112582 -0.000123707 -3.33583e-06 0.0001673 0 11.1021 -50.9252 45.5968 0 
17 4
1 22 0 0 0 0 0.00174178 0.00376271 -0.00230722 0.004745 0 -5.25393 147.249 100.775 0 
1 22 0 0 0 0 0.000108157 0.000442577 0.000702971 0.0008377 0 -5.25393 147.249 100.775 0 
1 22 0 0 0 0 -4.04004e-06 4.16089e-05 -0.000346185 0.0003487 0 -5.25393 147.249 100.775 0 
1 22 0 0 0 0 -2.31597e-05 0.000128509 -0.000104586 0.0001673 0 -5.25393 147.249 100.775 0 
18 4
1 22 0 0 0 0 0.00221668 -0.00120374 0.00114901 0.0027718 0 2.33847 59.1186 274.279 0 
1 22 0 0 0 0 -0.00120079 -0.00132457 -0.000833524 0.0019726 0 2.33847 59.1186 274.279 0 
1 22 0 0 0 0 0.00103278 0.000155904 -0.000563522 0.0011868 0 2.33847 59.1186 274.279 0 
1 22 0 0 0 0 -4.88258e-05 -0.000153452 -4.53638e-05 0.0001673 0 2.33847 59.1186 274.279 0 
19 3
1 22 0 0 0 0 -0.00404665 -0.00180445 -0.00169813 0.004745 0 -9.63938 -64.4725 7.4213 0 
1 22 0 0 0 0 -0.000206254 -0.000576399 -0.00101672 0.0011868 0 -9.63938 -64.4725 7.4213 0 
1 22 0 0 0 0 -2.53675e-05 -0.00016206 3.28982e-05 0.0001673 0 -9.63938 -64.4725 7.4213 0 
20 3
1 22 0 0 0 0 0.00197986 -0.00400783 0.00159136 0.004745 0 7.26771 -105.222 63.9879 0 
1 22 0 0 0 0 -0.000987159 -0.000404764 -0.000519786 0.0011868 0 7.26771 -105.222 63.9879 0 
1 22 0 0 0 0 -7.45945e-05 0.000129128 -7.5835e-05 0.0001673 0 7.26771 -105.222 63.9879 0 
21 3
1 22 0 0 0 0 0.00282635 0.00343725 -0.00164684 0.004745 0 -4.89811 62.458 121.549 0 
1 22 0 0 0 0 0.000251292 0.000794247 -0.000845292 0.0011868 0 -4.89811 62.458 121.549 0 
1 22 0 0 0 0 0.000110727 2.38812e-05 0.00012312 0.0001673 0 -4.89811 62.458 121.549 0 
22 3
1 22 0 0 0 0 0.00300696 0.00137506 -0.00340329 0.004745 0 6.54846 133.447 168.922 0 
1 22 0 0 0 0 -0.000213855 0.00058581 0.00100975 0.0011868 0 6.54846 133.447 168.922 0 
1 22 0 0 0 0 -0.000150875 4.61132e-05 5.56735e-05 0.0001673 0 6.54846 133.447 168.922 0 
23 4
1 22 0 0 0 0 1.85185e-05 0.0014361 -0.0015739 0.0021307 0 10.58 155.876 17.2376 0 
1 22 0 0 0 0 0.000545843 0.000890685 -0.00239652 0.0026143 0 10.58 155.876 17.2376 0 
1 22 0 0 0 0 0.000837454 -0.000163243 -0.000824934 0.0011868 0 10.58 155.876 17.2376 0 
1 22 0 0 0 0 2.47586e-05 -0.000142411 8.42343e-05 0.0001673 0 10.58 155.876 17.2376 0 
24 3
1 22 0 0 0 0 -0.000887869 -7.74701e-06 0.00466119 0.004745 0 3.75906 -34.8651 49.5027 0 
1 22 0 0 0 0 0.000665599 0.000393545 0.00090033 0.0011868 0 3.75906 -34.8651 49.5027 0 
1 22 0 0 0 0 -3.63813e-05 -5.39778e-05 -0.000154117 0.0001673 0 3.75906 -34.8651 49.5027 0 
25 3
1 22 0 0 0 0 0.000967024 -0.00460622 0.000602207 0.004745 0 6.35041 -19.5949 43.0419 0 
1 22 0 0 0 0 -0.00080506 -5.78179e-05 -0.000870075 0.0011868 0 6.35041 -19.5949 43.0419 0 
1 22 0 0 0 0 -0.000134539 3.54814e-05 9.28951e-05 0.0001673 0 6.35041 -19.5949 43.0419 0 
26 3
1 22 0 0 0 0 0.00169957 -0.00428198 0.00113627 0.004745 0 0.87316 41.1659 29.3486 0 
1 22 0 0 0 0 0.000601263 -0.00092313 -0.000441369 0.0011868 0 0.87316 41.1659 29.3486 0 
1 22 0 0 0 0 -7.55175e-05 5.76406e-05 -0.00013771 0.0001673 0 0.87316 41.1659 29.3486 0 
27 3
1 22 0 0 0 0 0.00132839 0.00248381 -0.00381852 0.004745 0 4.45235 19.3444 7.35937 0 
1 22 0 0 0 0 0.000441917 7.1021e-05 -0.00109916 0.0011868 0 4.45235 19.3444 7.35937 0 
1 22 0 0 0 0 -0.000104007 -6.34326e-05 -0.000114665 0.0001673 0 4.45235 19.3444 7.35937 0 
28 3
1 22 0 0 0 0 0.00297403 -0.00350688 -0.00117131 0.004745 0 8.98142 87.6693 151.462 0 
1 22 0 0 0 0 0.00102661 -6.18303e-05 -0.000592237 0.0011868 0 8.98142 87.6693 151.462 0 
1 22 0 0 0 0 0.000156294 5.92809e-05 -6.8844e-06 0.0001673 0 8.98142 87.6693 151.462 0 
29 3
1 22 0 0 0 0 -0.00038941 -0.0014567 0.00232578 0.0027718 0 9.44568 -141.537 195.18 0 
1 22 0 0 0 0 0.00151996 0.00185651 0.00146356 0.0028105 0 9.44568 -141.537 195.18 0 
1 22 0 0 0 0 -0.000144625 -0.000390373 0.000304874 0.000516 0 9.44568 -141.537 195.18 0 
30 4
1 22 0 0 0 0 0.000364663 0.00359565 -0.000794539 0.0037004 0 -6.24426 -109.206 94.8354 0 
1 22 0 0 0 0 0.000229845 0.00101599 -7.42024e-05 0.0010443 0 -6.24426 -109.206 94.8354 0 
1 22 0 0 0 0 -0.000862037 -0.000762571 0.000289605 0.0011868 0 -6.24426 -109.206 94.8354 0 
1 22 0 0 0 0 9.30836e-05 -0.000138162 1.53659e-05 0.0001673 0 -6.24426 -109.206 94.8354 0 
31 3
1 22 0 0 0 0 0.00202009 0.00197964 0.00182396 0.0033655 0 0.738003 -153.1 172.623 0 
1 22 0 0 0 0 -0.000188951 0.000383762 -0.0025302 0.0025661 0 0.738003 -153.1 172.623 0 
1 22 0 0 0 0 0.000142728 -8.34219e-05 -2.56685e-05 0.0001673 0 0.738003 -153.1 172.623 0 
32 3
1 22 0 0 0 0 0.00247117 0.000304125 0.00192992 0.0031502 0 5.07865 -23.0732 227.939 0 
1 22 0 0 0 0 0.00204671 -0.00118274 -0.00146647 0.0027818 0 5.07865 -23.0732 227.939 0 
1 22 0 0 0 0 2.91669e-05 -8.93314e-05 0.000138414 0.0001673 0 5.07865 -23.0732 227.939 0 
33 3
1 22 0 0 0 0 0.00313521 -0.000473331 0.00353007 0.004745 0 -7.86055 123.84 189.234 0 
1 22 0 0 0 0 -0.00116354 -0.000191838 0.000133697 0.0011868 0 -7.86055 123.84 189.234 0 
1 22 0 0 0 0 -2.15519e-05 -5.90595e-05 -0.000155038 0.0001673 0 -7.86055 123.84 189.234 0 
34 3
1 22 0 0 0 0 -0.000976603 0.00307524 -0.00347911 0.004745 0 -4.91366 -68.9431 274.578 0 
1 22 0 0 0 0 -3.38174e-06 -0.000460224 0.000699945 0.0008377 0 -4.91366 -68.9431 274.578 0 
1 22 0 0 0 0 -6.37039e-05 0.000479542 0.000179548 0.000516 0 -4.91366 -68.9431 274.578 0 
35 3
1 22 0 0 0 0 0.000282648 -0.00381395 0.00280872 0.004745 0 1.75618 83.2907 223.506 0 
1 22 0 0 0 0 -0.00118537 -5.82548e-05 -2.32438e-07 0.0011868 0 1.75618 83.2907 223.506 0 
1 22 0 0 0 0 -7.06509e-05 -3.57319e-05 0.00014738 0.0001673 0 1.75618 83.2907 223.506 0 
36 3
1 22 0 0 0 0 0.0024286 -0.00317594 -0.00255545 0.004745 0 10.0914 3.5628 140.843 700357 
1 22 0 0 0 0 0.00084953 0.000679184 -0.000474871 0.0011868 0 10.0914 3.5628 140.843 700357 
1 22 0 0 0 0 4.78284e-05 -0.00015978 1.31133e-05 0.0001673 0 10.0914 3.5628 140.843 700357 
37 3
1 22 0 0 0 0 0.00299483 0.00234212 0.0028391 0.004745 0 7.05863 53.2594 239.016 0 
1 22 0 0 0 0 0.000669273 -0.00096085 -0.000193226 0.0011868 0 7.05863 53.2594 239.016 0 
1 22 0 0 0 0 -1.23904e-05 0.000140734 8.9609e-05 0.0001673 0 7.05863 53.2594 239.016 0 
38 3
1 22 0 0 0 0 -0.00192554 0.00135982 -0.00240203 0.0033655 0 4.34935 -12.0377 250.553 679093 
1 22 0 0 0 0 -0.00224239 0.00114129 -0.000504 0.0025661 0 4.34935 -12.0377 250.553 679093 
1 22 0 0 0 0 3.74377e-05 0.000158529 -3.81593e-05 0.0001673 0 4.34935 -12.0377 250.553 679093 
39 3
1 22 0 0 0 0 0.0047475 -0.000995821 -0.00276194 0.005582 0 10.7002 -30.5715 293.445 0 
1 22 0 0 0 0 -9.0686e-05 -0.000327717 7.72609e-05 0.0003487 0 10.7002 -30.5715 293.445 0 
1 22 0 0 0 0 1.62038e-05 0.000165631 -1.71239e-05 0.0001673 0 10.7002 -30.5715 293.445 0 
40 3
1 22 0 0 0 0 -0.00363117 0.00256356 -0.00166065 0.004745 0 9.7829 105.705 106.661 0 
1 22 0 0 0 0 0.000985338 0.00061281 -0.000249132 0.0011868 0 9.7829 105.705 106.661 0 
1 22 0 0 0 0 1.964e-06 0.000166429 -1.69393e-05 0.0001673 0 9.7829 105.705 106.661 0 
41 2
1 22 0 0 0 0 -0.00273001 0.00317995 -0.00368696 0.005582 0 3.35185 -12.7017 137.766 0 
1 22 0 0 0 0 0.0002772 -0.000148854 0.000408973 0.000516 0 3.35185 -12.7017 137.766 0 
42 3
1 22 0 0 0 0 -0.0010274 0.0023695 -0.00398057 0.004745 0 -8.65718 149.326 181.437 0 
1 22 0 0 0 0 -0.00050639 -0.00100702 -0.000371458 0.0011868 0 -8.65718 149.326 181.437 0 
1 22 0 0 0 0 -0.000108869 0.00011465 -5.47002e-05 0.0001673 0 -8.65718 149.326 181.437 0 
43 3
1 22 0 0 0 0 0.00129347 0.00197344 0.00411673 0.004745 0 -10.2808 -1.55461 19.7033 137522 
1 22 0 0 0 0 -0.000367261 0.0011211 -0.00012943 0.0011868 0 -10.2808 -1.55461 19.7033 137522 
1 22 0 0 0 0 -8.39584e-05 -0.000129978 -6.36085e-05 0.0001673 0 -10.2808 -1.55461 19.7033 137522 
44 3
1 22 0 0 0 0 -0.000146821 0.00240759 -0.00280623 0.0037004 0 -2.70267 81.0696 148.443 0 
1 22 0 0 0 0 -0.000797598 0.00164415 0.000447946 0.0018815 0 -2.70267 81.0696 148.443 0 
1 22 0 0 0 0 0.000210974 -0.000216071 0.000418401 0.000516 0 -2.70267 81.0696 148.443 0 
45 4
1 22 0 0 0 0 -0.00173746 0.00232933 0.00229094 0.0037004 0 -3.81556 143.999 22.5886 0 
1 22 0 0 0 0 7.01611e-05 -4.42103e-05 -0.001041 0.0010443 0 -3.81556 143.999 22.5886 0 
1 22 0 0 0 0 0.000508508 0.00100906 0.000362928 0.0011868 0 -3.81556 143.999 22.5886 0 
1 22 0 0 0 0 -2.77261e-05 -0.000105209 -0.000127089 0.0001673 0 -3.81556 143.999 22.5886 0 
46 3
1 22 0 0 0 0 -0.00277174 0.000897124 -0.00374535 0.004745 0 -10.0195 -14.5577 48.7327 0 
1 22 0 0 0 0 -0.000432226 0.000931334 0.000595224 0.0011868 0 -10.0195 -14.5577 48.7327 0 
1 22 0 0 0 0 -5.81657e-06 -0.000142292 -8.77969e-05 0.0001673 0 -10.0195 -14.5577 48.7327 0 
47 3
1 22 0 0 0 0 -0.00273296 -0.00338578 -0.00189272 0.004745 0 10.8452 132.539 50.7599 0 
1 22 0 0 0 0 -0.00100608 -0.000626609 6.05626e-05 0.0011868 0 10.8452 132.539 50.7599 0 
1 22 0 0 0 0 0.000157356 -4.61165e-05 3.31902e-05 0.0001673 0 10.8452 132.539 50.7599 0 
48 3
1 22 0 0 0 0 -0.00262762 0.00100517 -0.00382103 0.004745 0 6.92329 -93.5489 288.837 0 
1 22 0 0 0 0 0.000795314 0.000599788 -0.000645155 0.0011868 0 6.92329 -93.5489 288.837 0 
1 22 0 0 0 0 -4.25385e-05 -0.000130863 9.51563e-05 0.0001673 0 6.92329 -93.5489 288.837 0 
49 3
1 22 0 0 0 0 0.00342378 -0.00325646 0.000433837 0.004745 0 -6.7785 69.7173 197.019 0 
1 22 0 0 0 0 0.000428059 0.000985983 0.000503088 0.0011868 0 -6.7785 69.7173 197.019 0 
1 22 0 0 0 0 -8.57022e-05 2.03115e-05 -0.000142239 0.0001673 0 -6.7785 69.7173 197.019 0 
50 3
1 22 0 0 0 0 -0.00111031 -0.00422671 -0.00184856 0.004745 0 0.59433 -57.6683 158.008 0 
1 22 0 0 0 0 -2.20871e-05 0.00102391 -0.000599684 0.0011868 0 0.59433 -57.6683 158.008 0 
1 22 0 0 0 0 -3.99993e-05 -0.000150757 -6.05115e-05 0.0001673 0 0.59433 -57.6683 158.008 0 
51 4
1 22 0 0 0 0 -0.000436524 -0.00179596 0.00437024 0.004745 0 0.154681 -105.3 21.5058 0 
1 22 0 0 0 0 -0.000535242 9.81761e-05 -0.000636882 0.0008377 0 0.154681 -105.3 21.5058 0 
1 22 0 0 0 0 -2.12728e-05 0.000344394 5.03151e-05 0.0003487 0 0.154681 -105.3 21.5058 0 
1 22 0 0 0 0 -2.96597e-05 -1.79798e-06 -0.00016464 0.0001673 0 0.154681 -105.3 21.5058 0 
52 4
1 22 0 0 0 0 -0.00340763 -0.000889441 0.00113574 0.0037004 0 -2.02293 124.146 194.152 0 
1 22 0 0 0 0 0.000463572 0.000441414 0.000825116 0.0010443 0 -2.02293 124.146 194.152 0 
1 22 0 0 0 0 0.000636664 -3.03772e-05 -0.00100111 0.0011868 0 -2.02293 124.146 194.152 0 
1 22 0 0 0 0 7.39225e-05 3.36532e-05 0.000146261 0.0001673 0 -2.02293 124.146 194.152 0 
53 3
1 22 0 0 0 0 -0.0028951 -0.00347861 0.00142573 0.004745 0 6.67865 -96.4773 4.54782 0 
1 22 0 0 0 0 0.000639884 -0.000913147 0.000406456 0.0011868 0 6.67865 -96.4773 4.54782 0 
1 22 0 0 0 0 0.000139983 -7.68041e-05 -4.99527e-05 0.0001673 0 6.67865 -96.4773 4.54782 0 
54 3
1 22 0 0 0 0 -0.0035656 -0.00143647 -0.00278174 0.004745 0 0.738898 76.9083 141.948 0 
1 22 0 0 0 0 0.000111833 -3.11784e-05 0.00118111 0.0011868 0 0.738898 76.9083 141.948 0 
1 22 0 0 0 0 8.6672e-06 0.000166869 -8.29877e-06 0.0001673 0 0.738898 76.9083 141.948 0 
55 3
1 22 0 0 0 0 -0.000759826 -0.00146246 -0.0026847 0.0031502 0 10.8261 -75.4523 115.244 0 
1 22 0 0 0 0 -0.00263695 0.000451342 -0.000762366 0.0027818 0 10.8261 -75.4523 115.244 0 
1 22 0 0 0 0 -0.000141761 2.90519e-05 -8.39589e-05 0.0001673 0 10.8261 -75.4523 115.244 0 
56 3
1 22 0 0 0 0 -0.0016353 -0.00222724 0.00385749 0.004745 0 8.6438 -81.0681 35.0201 0 
1 22 0 0 0 0 0.000630977 -0.000865844 0.000510565 0.0011868 0 8.6438 -81.0681 35.0201 0 
1 22 0 0 0 0 -1.5741e-05 3.01741e-05 -0.000163802 0.0001673 0 8.6438 -81.0681 35.0201 0 
57 4
1 22 0 0 0 0 -0.00196818 0.00312351 -0.000250859 0.0037004 0 8.85658 -154.55 133.639 0 
1 22 0 0 0 0 0.000727946 0.000467038 0.000585263 0.0010443 0 8.85658 -154.55 133.639 0 
1 22 0 0 0 0 -0.000815256 -0.000397165 0.00076558 0.0011868 0 8.85658 -154.55 133.639 0 
1 22 0 0 0 0 8.72501e-05 4.55422e-05 -0.000135287 0.0001673 0 8.85658 -154.55 133.639 0 
58 4
1 22 0 0 0 0 -0.00196037 -0.00305868 0.000703124 0.0037004 0 5.35841 47.1852 51.5845 0 
1 22 0 0 0 0 0.00020335 0.00102422 -1.3902e-05 0.0010443 0 5.35841 47.1852 51.5845 0 
1 22 0 0 0 0 -0.000832189 -9.37575e-05 2.03193e-05 0.0008377 0 5.35841 47.1852 51.5845 0 
1 22 0 0 0 0 0.000165807 -0.000485409 -5.60565e-05 0.000516 0 5.35841 47.1852 51.5845 0 
59 2
1 22 0 0 0 0 -0.00231578 -0.0045053 0.00234482 0.005582 0 -3.30822 35.2367 233.313 0 
1 22 0 0 0 0 -0.000226851 0.000369673 0.000279529 0.000516 0 -3.30822 35.2367 233.313 0 
60 3
1 22 0 0 0 0 0.00242897 0.000941056 0.000947307 0.0027718 0 -2.63139 127.368 96.6828 0 
1 22 0 0 0 0 -0.00250888 0.000274793 -0.00123649 0.0028105 0 -2.63139 127.368 96.6828 0 
1 22 0 0 0 0 -0.000176314 -0.000346766 0.000339002 0.000516 0 -2.63139 127.368 96.6828 0 
61 3
1 22 0 0 0 0 -0.00338089 0.00111035 0.00313875 0.004745 0 10.1258 -120.134 80.3592 0 
1 22 0 0 0 0 0.000787413 -0.00067541 -0.000576452 0.0011868 0 10.1258 -120.134 80.3592 0 
1 22 0 0 0 0 -7.51859e-05 -0.000111273 -9.97733e-05 0.0001673 0 10.1258 -120.134 80.3592 0 
62 3
1 22 0 0 0 0 -0.0027327 0.00334639 -0.00196191 0.004745 0 1.41381 -128.083 118.677 0 
1 22 0 0 0 0 0.00110432 -0.00030957 0.000305172 0.0011868 0 1.41381 -128.083 118.677 0 
1 22 0 0 0 0 0.000166415 -1.70169e-05 2.4097e-06 0.0001673 0 1.41381 -128.083 118.677 0 
63 3
1 22 0 0 0 0 -7.73342e-06 -0.00221003 0.0016729 0.0027718 0 1.15243 -1.2955 60.7746 745539 
1 22 0 0 0 0 0.000256225 0.00191639 0.00203979 0.0028105 0 1.15243 -1.2955 60.7746 745539 
1 22 0 0 0 0 0.000239679 5.72674e-05 -0.000453354 0.000516 0 1.15243 -1.2955 60.7746 745539 
64 3
1 22 0 0 0 0 0.00201206 -0.00420614 0.000880356 0.004745 0 5.0575 -98.5436 137.448 0 
1 22 0 0 0 0 0.000265133 0.00115594 4.46279e-05 0.0011868 0 5.0575 -98.5436 137.448 0 
1 22 0 0 0 0 -0.00013365 5.97858e-05 8.09489e-05 0.0001673 0 5.0575 -98.5436 137.448 0 
65 3
1 22 0 0 0 0 -0.00424745 0.00197267 -0.000763404 0.004745 0 7.07496 50.7611 5.08964 0 
1 22 0 0 0 0 -0.000316497 0.000121809 0.00113732 0.0011868 0 7.07496 50.7611 5.08964 0 
1 22 0 0 0 0 0.000103487 9.98614e-05 -8.54832e-05 0.0001673 0 7.07496 50.7611 5.08964 0 
66 4
1 22 0 0 0 0 -0.000462947 0.00279723 0.00237784 0.0037004 0 -2.01976 51.9945 161.342 0 
1 22 0 0 0 0 0.000788976 -0.000125668 -0.000672523 0.0010443 0 -2.01976 51.9945 161.342 0 
1 22 0 0 0 0 0.000621358 -0.00100701 -9.13117e-05 0.0011868 0 -2.01976 51.9945 161.342 0 
1 22 0 0 0 0 -2.50051e-05 0.000111755 0.000121963 0.0001673 0 -2.01976 51.9945 161.342 0 
67 3
1 22 0 0 0 0 0.00183437 0.0041465 0.0013988 0.004745 0 -10.7271 139.727 236.526 0 
1 22 0 0 0 0 0.000685491 -0.000212339 -0.000945255 0.0011868 0 -10.7271 139.727 236.526 0 
1 22 0 0 0 0 -0.000113679 -8.63608e-05 -8.72243e-05 0.0001673 0 -10.7271 139.727 236.526 0 
68 3
1 22 0 0 0 0 0.00246209 0.00343256 -0.00216117 0.004745 0 -4.85427 -82.7164 8.99147 0 
1 22 0 0 0 0 0.000351554 -0.00109795 0.000281787 0.0011868 0 -4.85427 -82.7164 8.99147 0 
1 22 0 0 0 0 -1.66465e-05 0.000148916 7.44053e-05 0.0001673 0 -4.85427 -82.7164 8.99147 0 
69 3
1 22 0 0 0 0 0.00401774 0.00241835 -0.000724108 0.004745 0 -8.66524 -29.915 58.7381 0 
1 22 0 0 0 0 -0.000724403 -1.32687e-05 0.000939978 0.0011868 0 -8.66524 -29.915 58.7381 0 
1 22 0 0 0 0 0.000105546 5.18815e-05 0.000118986 0.0001673 0 -8.66524 -29.915 58.7381 0 
70 4
1 22 0 0 0 0 0.00286916 0.00175975 -0.00153759 0.0037004 0 3.50064 26.5497 160.036 0 
1 22 0 0 0 0 -0.000147169 0.000463484 -0.000924168 0.0010443 0 3.50064 26.5497 160.036 0 
1 22 0 0 0 0 -0.000716352 0.000900608 0.000290241 0.0011868 0 3.50064 26.5497 160.036 0 
1 22 0 0 0 0 -0.000151348 -2.76554e-05 -6.57124e-05 0.0001673 0 3.50064 26.5497 160.036 0 
71 4
1 22 0 0 0 0 -0.00205508 0.000436914 0.000354436 0.0021307 0 8.73785 -92.8166 128.127 0 
1 22 0 0 0 0 -0.00215992 -0.0026508 0.000472146 0.0034518 0 8.73785 -92.8166 128.127 0 
1 22 0 0 0 0 5.18473e-05 0.000344806 3.54439e-06 0.0003487 0 8.73785 -92.8166 128.127 0 
1 22 0 0 0 0 9.03204e-06 3.87074e-05 -0.00016251 0.0001673 0 8.73785 -92.8166 128.127 0 
72 3
1 22 0 0 0 0 0.00121851 -0.00184213 -0.00167472 0.0027718 0 4.37538 159.713 40.1195 0 
1 22 0 0 0 0 0.000561612 0.000441532 0.00271819 0.0028105 0 4.37538 159.713 40.1195 0 
1 22 0 0 0 0 -0.000143045 5.04054e-05 -0.000493207 0.000516 0 4.37538 159.713 40.1195 0 
73 3
1 22 0 0 0 0 0.00238558 -0.00146027 -0.00187168 0.0033655 0 -0.675511 43.2276 141.519 0 
1 22 0 0 0 0 0.00133436 -0.00219188 -1.40357e-06 0.0025661 0 -0.675511 43.2276 141.519 0 
1 22 0 0 0 0 7.51553e-05 -5.52291e-05 -0.000138891 0.0001673 0 -0.675511 43.2276 141.519 0 
74 3
1 22 0 0 0 0 -0.00217927 0.0051354 -0.000192925 0.005582 0 7.64067 82.0813 183.265 0 
1 22 0 0 0 0 3.86796e-05 0.000158065 -0.000308401 0.0003487 0 7.64067 82.0813 183.265 0 
1 22 0 0 0 0 -0.000100294 0.000131726 2.4055e-05 0.0001673 0 7.64067 82.0813 183.265 0 
75 3
1 22 0 0 0 0 0.00445865 0.00152664 0.000552112 0.004745 0 -5.93582 130.44 58.3335 0 
1 22 0 0 0 0 0.000919245 0.000515109 0.000546026 0.0011868 0 -5.93582 130.44 58.3335 0 
1 22 0 0 0 0 1.68927e-06 -0.000153288 6.7002e-05 0.0001673 0 -5.93582 130.44 58.3335 0 
76 4
1 22 0 0 0 0 -0.000359287 0.00350166 0.00114115 0.0037004 0 6.61121 119.33 247.913 0 
1 22 0 0 0 0 8.999e-05 -0.000834081 0.000621911 0.0010443 0 6.61121 119.33 247.913 0 
1 22 0 0 0 0 0.000297851 0.000208874 -0.000754585 0.0008377 0 6.61121 119.33 247.913 0 
1 22 0 0 0 0 0.000414071 -0.000306554 -2.87328e-05 0.000516 0 6.61121 119.33 247.913 0 
77 3
1 22 0 0 0 0 0.00305177 7.12343e-05 -0.00077807 0.0031502 0 -10.4289 -31.6026 63.9348 0 
1 22 0 0 0 0 0.00193958 -5.50065e-05 -0.00199334 0.0027818 0 -10.4289 -31.6026 63.9348 0 
1 22 0 0 0 0 -2.99128e-05 -5.16732e-05 -0.000156283 0.0001673 0 -10.4289 -31.6026 63.9348 0 
78 3
1 22 0 0 0 0 0.00159644 -0.000891423 3.55524e-05 0.0018288 0 -10.4648 -130.128 92.8347 0 
1 22 0 0 0 0 -0.00306133 -0.00148598 0.00229142 0.0041025 0 -10.4648 -130.128 92.8347 0 
1 22 0 0 0 0 -6.83199e-05 0.000147045 4.12246e-05 0.0001673 0 -10.4648 -130.128 92.8347 0 
79 3
1 22 0 0 0 0 0.00300447 -0.0030419 0.00205792 0.004745 0 1.05991 38.0837 286.102 0 
1 22 0 0 0 0 -0.000202673 0.000332223 -0.00112118 0.0011868 0 1.05991 38.0837 286.102 0 
1 22 0 0 0 0 -0.000139658 9.13284e-05 -1.19995e-05 0.0001673 0 1.05991 38.0837 286.102 0 
80 3
1 22 0 0 0 0 -0.00270747 0.00243026 0.00304606 0.004745 0 -4.87955 -100.56 93.8355 0 
1 22 0 0 0 0 -0.000948155 0.000314881 0.000640583 0.0011868 0 -4.87955 -100.56 93.8355 0 
1 22 0 0 0 0 -0.000149023 4.43478e-05 -6.17627e-05 0.0001673 0 -4.87955 -100.56 93.8355 0 
81 3
1 22 0 0 0 0 -0.000416605 0.00292711 -0.00473468 0.005582 0 8.51078 138.88 226.134 0 
1 22 0 0 0 0 -0.000341353 -3.30104e-05 -6.30858e-05 0.0003487 0 8.51078 138.88 226.134 0 
1 22 0 0 0 0 -0.000109831 9.72122e-05 -8.04747e-05 0.0001673 0 8.51078 138.88 226.134 0 
82 4
1 22 0 0 0 0 -0.00237611 0.00143528 -0.00244684 0.0037004 0 5.55517 25.4856 129.192 0 
1 22 0 0 0 0 0.00067872 0.000760852 0.000225847 0.0010443 0 5.55517 25.4856 129.192 0 
1 22 0 0 0 0 -0.00102076 0.000119778 0.000593468 0.0011868 0 5.55517 25.4856 129.192 0 
1 22 0 0 0 0 1.05381e-05 -9.15403e-05 -0.000139637 0.0001673 0 5.55517 25.4856 129.192 0 
83 3
1 22 0 0 0 0 0.00152921 0.00430766 -0.00127303 0.004745 0 0.114018 -21.8733 293.333 0 
1 22 0 0 0 0 0.000531816 -1.3727e-05 0.000647089 0.0008377 0 0.114018 -21.8733 293.333 0 
1 22 0 0 0 0 -0.000467672 0.000160685 0.000147376 0.000516 0 0.114018 -21.8733 293.333 0 
84 2
1 22 0 0 0 0 -0.00230077 -0.00275928 -0.00309965 0.004745 0 -6.93614 -89.1279 6.26287 0 
1 22 0 0 0 0 0.00102845 -0.000614262 -0.000631108 0.001354 0 -6.93614 -89.1279 6.26287 0 
85 3
1 22 0 0 0 0 0.00130223 0.00202708 0.00137041 0.0027718 0 -10.943 -116.991 148.102 0 
1 22 0 0 0 0 -0.000880688 -0.00242619 -0.00111217 0.0028105 0 -10.943 -116.991 148.102 0 
1 22 0 0 0 0 -3.7837e-05 0.000511212 5.90457e-05 0.000516 0 -10.943 -116.991 148.102 0 
86 4
1 22 0 0 0 0 -6.96457e-05 0.0023457 -0.00147503 0.0027718 0 -0.619829 -135.98 71.559 0 
1 22 0 0 0 0 -0.0014327 0.00241791 6.88631e-07 0.0028105 0 -0.619829 -135.98 71.559 0 
1 22 0 0 0 0 -0.000117319 -0.000242918 0.00022095 0.0003487 0 -0.619829 -135.98 71.559 0 
1 22 0 0 0 0 8.97838e-06 5.10084e-06 0.000166981 0.0001673 0 -0.619829 -135.98 71.559 0 
87 2
1 22 0 0 0 0 0.0046946 0.000197334 -0.00301338 0.005582 0 -9.1179 70.7706 47.3233 0 
1 22 0 0 0 0 -0.000407337 0.000148068 0.000280016 0.000516 0 -9.1179 70.7706 47.3233 0 
88 4
1 22 0 0 0 0 0.00132369 0.00191815 0.00150048 0.0027718 0 -9.50282 72.9586 130.417 0 
1 22 0 0 0 0 0.000297446 0.000880358 0.00174001 0.0019726 0 -9.50282 72.9586 130.417 0 
1 22 0 0 0 0 -3.00851e-05 0.000836569 3.1447e-05 0.0008377 0 -9.50282 72.9586 130.417 0 
1 22 0 0 0 0 -0.000296094 0.000155848 0.000392805 0.000516 0 -9.50282 72.9586 130.417 0 
89 4
1 22 0 0 0 0 -0.000960854 0.00142999 -0.00217135 0.0027718 0 8.22433 103.784 187.524 0 
1 22 0 0 0 0 0.000181611 -0.000974852 -0.00170524 0.0019726 0 8.22433 103.784 187.524 0 
1 22 0 0 0 0 -0.000651103 0.000435548 -0.000891548 0.0011868 0 8.22433 103.784 187.524 0 
1 22 0 0 0 0 -0.000104968 -5.83233e-05 0.000116487 0.0001673 0 8.22433 103.784 187.524 0 
90 3
1 22 0 0 0 0 -0.00347274 -0.00201067 -0.00253226 0.004745 0 -0.40802 41.8888 37.5728 0 
1 22 0 0 0 0 0.00114735 -0.000132898 0.000272811 0.0011868 0 -0.40802 41.8888 37.5728 0 
1 22 0 0 0 0 -3.81002e-05 6.37354e-06 -0.000162779 0.0001673 0 -0.40802 41.8888 37.5728 0 
91 3
1 22 0 0 0 0 -0.00143848 -0.00422293 0.00161636 0.004745 0 -2.5409 -28.9022 283.299 0 
1 22 0 0 0 0 -0.000933482 0.000707085 -0.000192705 0.0011868 0 -2.5409 -28.9022 283.299 0 
1 22 0 0 0 0 -0.000103752 3.55522e-05 0.000126337 0.0001673 0 -2.5409 -28.9022 283.299 0 
92 3
1 22 0 0 0 0 -0.000413172 -0.000437769 -0.00270565 0.0027718 0 9.79955 -138.747 275.299 0 
1 22 0 0 0 0 -0.00234773 -0.000675351 -0.0013896 0.0028105 0 9.79955 -138.747 275.299 0 
1 22 0 0 0 0 -0.000328633 0.000387209 -9.12468e-05 0.000516 0 9.79955 -138.747 275.299 0 
93 4
1 22 0 0 0 0 -0.00161886 0.00032735 -0.00134611 0.0021307 0 -9.7481 -101.867 103.316 0 
1 22 0 0 0 0 0.000160031 0.000500961 0.00256086 0.0026143 0 -9.7481 -101.867 103.316 0 
1 22 0 0 0 0 -0.00113464 -0.000288167 -0.000195062 0.0011868 0 -9.7481 -101.867 103.316 0 
1 22 0 0 0 0 5.60647e-05 2.83229e-05 0.000155061 0.0001673 0 -9.7481 -101.867 103.316 0 
94 2
1 22 0 0 0 0 0.00498429 -0.000894565 -0.00234848 0.005582 0 -3.93591 74.4534 283.759 0 
1 22 0 0 0 0 0.000365914 -0.000338005 0.000134595 0.000516 0 -3.93591 74.4534 283.759 0 
95 3
1 22 0 0 0 0 -0.0030087 -0.00058492 0.00362224 0.004745 0 -3.5632 -35.8004 181.562 0 
1 22 0 0 0 0 0.000983253 -0.000133116 0.000651143 0.0011868 0 -3.5632 -35.8004 181.562 0 
1 22 0 0 0 0 6.72382e-06 -0.000163007 3.70527e-05 0.0001673 0 -3.5632 -35.8004 181.562 0 
96 2
1 22 0 0 0 0 0.00181344 -0.00130547 0.00511526 0.005582 0 -7.19444 -3.24031 66.0375 775180 
1 22 0 0 0 0 -0.000420407 -7.44213e-05 -0.000289786 0.000516 0 -7.19444 -3.24031 66.0375 775180 
97 3
1 22 0 0 0 0 0.00176681 0.00201291 0.00165841 0.0031502 0 7.46109 -131.562 238.455 0 
1 22 0 0 0 0 -0.000622239 -0.000830135 0.00258111 0.0027818 0 7.46109 -131.562 238.455 0 
1 22 0 0 0 0 0.000108925 8.80573e-05 -9.14911e-05 0.0001673 0 7.46109 -131.562 238.455 0 
98 3
1 22 0 0 0 0 -0.00427952 0.00184425 -0.000894126 0.004745 0 0.507317 -41.3589 261.925 0 
1 22 0 0 0 0 -0.000508142 0.00107187 -3.71872e-05 0.0011868 0 0.507317 -41.3589 261.925 0 
1 22 0 0 0 0 8.03323e-06 9.94574e-05 0.000134287 0.0001673 0 0.507317 -41.3589 261.925 0 
99 3
1 22 0 0 0 0 -0.000186663 -0.00151861 0.00231124 0.0027718 0 4.44474 149.738 26.1296 0 
1 22 0 0 0 0 -0.00192056 -0.00168796 -0.00116669 0.0028105 0 4.44474 149.738 26.1296 0 
1 22 0 0 0 0 0.000334709 -7.32393e-05 -0.000385827 0.000516 0 4.44474 149.738 26.1296 0 
100 3
1 22 0 0 0 0 0.00312388 -0.00207075 -0.00291005 0.004745 0 11.2979 -3.26015 26.0206 16559.5 
1 22 0 0 0 0 -3.48682e-05 0.000999963 -0.000638241 0.0011868 0 11.2979 -3.26015 26.0206 16559.5 
1 22 0 0 0 0 -0.000131162 6.6211e-05 8.0012e-05 0.0001673 0 11.2979 -3.26015 26.0206 16559.5 
101 4
1 22 0 0 0 0 0.00310196 0.000166263 -0.00201076 0.0037004 0 -7.29506 -130.002 80.9726 0 
1 22 0 0 0 0 0.000569784 0.000842292 0.000237599 0.0010443 0 -7.29506 -130.002 80.9726 0 
1 22 0 0 0 0 -0.000496837 0.000309148 -0.000599434 0.0008377 0 -7.29506 -130.002 80.9726 0 
1 22 0 0 0 0 -0.000118419 -0.000107453 -0.000490598 0.000516 0 -7.29506 -130.002 80.9726 0 
102 2
1 22 0 0 0 0 -0.0009719 0.00513862 0.00195159 0.005582 0 -5.26739 -25.462 62.4789 0 
1 22 0 0 0 0 0.000255521 0.000123987 -0.000430804 0.000516 0 -5.26739 -25.462 62.4789 0 
103 3
1 22 0 0 0 0 0.00050797 0.00216853 -0.00222782 0.0031502 0 9.50878 89.1637 48.1112 0 
1 22 0 0 0 0 0.00148056 0.00221353 -0.000804137 0.0027818 0 9.50878 89.1637 48.1112 0 
1 22 0 0 0 0 2.0517e-05 0.000136223 -9.49302e-05 0.0001673 0 9.50878 89.1637 48.1112 0 
104 4
1 22 0 0 0 0 0.00309495 0.000714168 -0.00189848 0.0037004 0 2.67441 -11.2993 236.997 106287 
1 22 0 0 0 0 -0.00100106 -0.000146009 0.000259072 0.0010443 0 2.67441 -11.2993 236.997 106287 
1 22 0 0 0 0 -0.000854331 -0.000810987 -0.000144611 0.0011868 0 2.67441 -11.2993 236.997 106287 
1 22 0 0 0 0 -3.81926e-05 0.000143157 -7.76961e-05 0.0001673 0 2.67441 -11.2993 236.997 106287 
105 3
1 22 0 0 0 0 -0.000668834 -0.000200936 -0.00307181 0.0031502 0 10.4147 136.504 84.4113 0 
1 22 0 0 0 0 0.000922425 -0.00135181 -0.00179966 0.0024325 0 10.4147 136.504 84.4113 0 
1 22 0 0 0 0 -0.000161768 0.000227452 0.000433996 0.000516 0 10.4147 136.504 84.4113 0 
106 3
1 22 0 0 0 0 0.00328668 0.00326543 0.00102456 0.004745 0 8.25044 -151.478 40.333 0 
1 22 0 0 0 0 -6.31691e-05 -0.00115972 0.000244044 0.0011868 0 8.25044 -151.478 40.333 0 
1 22 0 0 0 0 4.70637e-05 -0.000102203 -0.000123809 0.0001673 0 8.25044 -151.478 40.333 0 
107 3
1 22 0 0 0 0 -0.00303123 -0.00145314 -0.000163194 0.0033655 0 0.962256 -139.806 44.9108 0 
1 22 0 0 0 0 -0.000909581 -0.00119985 0.00207795 0.0025661 0 0.962256 -139.806 44.9108 0 
1 22 0 0 0 0 -0.000166366 1.62042e-05 6.9982e-06 0.0001673 0 0.962256 -139.806 44.9108 0 
108 3
1 22 0 0 0 0 -0.000206039 0.00468959 0.000693055 0.004745 0 2.11645 -15.9662 18.5314 0 
1 22 0 0 0 0 -0.000837675 0.000156675 -0.000825983 0.0011868 0 2.11645 -15.9662 18.5314 0 
1 22 0 0 0 0 -7.77371e-05 0.000146453 -2.23084e-05 0.0001673 0 2.11645 -15.9662 18.5314 0 
109 3
1 22 0 0 0 0 0.00284342 -0.00475953 0.000648517 0.005582 0 -5.99522 90.5419 278.196 0 
1 22 0 0 0 0 -0.000236217 0.000132868 -0.000219407 0.0003487 0 -5.99522 90.5419 278.196 0 
1 22 0 0 0 0 -9.73656e-05 -9.00113e-05 -0.000102016 0.0001673 0 -5.99522 90.5419 278.196 0 
110 3
1 22 0 0 0 0 -0.00283177 -0.00291875 -0.00244479 0.004745 0 -7.51519 83.1832 204.752 0 
1 22 0 0 0 0 0.000580743 0.000539929 0.000270103 0.0008377 0 -7.51519 83.1832 204.752 0 
1 22 0 0 0 0 3.62084e-05 -0.000205734 0.000471825 0.000516 0 -7.51519 83.1832 204.752 0 
111 2
1 22 0 0 0 0 0.00344337 -0.0004239 -0.00437289 0.005582 0 -9.82841 22.5193 4.56251 0 
1 22 0 0 0 0 -0.000128541 0.000469901 -0.000170078 0.000516 0 -9.82841 22.5193 4.56251 0 
112 3
1 22 0 0 0 0 0.00171829 -0.00320627 -0.000678432 0.0037004 0 -7.64607 7.05855 9.05966 70158.8 
1 22 0 0 0 0 -0.000516421 -0.00180772 7.42405e-05 0.0018815 0 -7.64607 7.05855 9.05966 70158.8 
1 22 0 0 0 0 -0.000480922 -0.00013717 -0.000127099 0.000516 0 -7.64607 7.05855 9.05966 70158.8 
113 4
1 22 0 0 0 0 0.00100704 -0.00349011 0.000705653 0.0037004 0 -9.52626 26.1019 18.1951 0 
1 22 0 0 0 0 -0.000466116 0.000212089 -0.00181047 0.0018815 0 -9.52626 26.1019 18.1951 0 
1 22 0 0 0 0 0.000137871 -0.000319485 -2.2645e-05 0.0003487 0 -9.52626 26.1019 18.1951 0 
1 22 0 0 0 0 0.00010317 2.89907e-05 -0.000128471 0.0001673 0 -9.52626 26.1019 18.1951 0 
114 3
1 22 0 0 0 0 0.00440119 -0.00175821 -0.000230834 0.004745 0 -8.25677 96.4645 12.1011 0 
1 22 0 0 0 0 0.000384952 0.00100306 -0.000504152 0.0011868 0 -8.25677 96.4645 12.1011 0 
1 22 0 0 0 0 1.24307e-05 -9.3133e-05 -0.000138423 0.0001673 0 -8.25677 96.4645 12.1011 0 
115 3
1 22 0 0 0 0 -0.00450585 -9.07697e-05 0.00148463 0.004745 0 2.13461 -62.6823 266.338 0 
1 22 0 0 0 0 -0.00116031 0.000141852 0.000205095 0.0011868 0 2.13461 -62.6823 266.338 0 
1 22 0 0 0 0 0.000158528 -5.16569e-05 -1.37762e-05 0.0001673 0 2.13461 -62.6823 266.338 0 
116 3
1 22 0 0 0 0 0.000122645 -0.00020575 -0.00211719 0.0021307 0 -5.83653 86.2625 130.872 0 
1 22 0 0 0 0 0.000465075 0.00276056 0.0020194 0.0034518 0 -5.83653 86.2625 130.872 0 
1 22 0 0 0 0 0.000268649 0.000378822 0.000224894 0.000516 0 -5.83653 86.2625 130.872 0 
117 3
1 22 0 0 0 0 -0.00355889 0.0031382 3.23035e-05 0.004745 0 8.11936 -48.5546 37.4866 0 
1 22 0 0 0 0 0.000805214 -0.000153296 -0.000858269 0.0011868 0 8.11936 -48.5546 37.4866 0 
1 22 0 0 0 0 -2.13946e-05 -2.94546e-05 0.000163291 0.0001673 0 8.11936 -48.5546 37.4866 0 
118 4
1 22 0 0 0 0 0.000180775 0.00290465 -0.00228545 0.0037004 0 10.9558 63.9889 95.1773 0 
1 22 0 0 0 0 0.000371753 7.69966e-05 -0.000972848 0.0010443 0 10.9558 63.9889 95.1773 0 
1 22 0 0 0 0 0.000818783 0.000808031 -0.000291848 0.0011868 0 10.9558 63.9889 95.1773 0 
1 22 0 0 0 0 -3.77092e-05 -0.000117153 0.000113324 0.0001673 0 10.9558 63.9889 95.1773 0 
119 3
1 22 0 0 0 0 -0.00239226 0.00400966 0.000845419 0.004745 0 -0.955728 6.85545 7.73212 1.09031e+06 
1 22 0 0 0 0 0.000571708 -3.31564e-05 0.00103949 0.0011868 0 -0.955728 6.85545 7.73212 1.09031e+06 
1 22 0 0 0 0 -4.27141e-06 -9.26734e-06 -0.000166989 0.0001673 0 -0.955728 6.85545 7.73212 1.09031e+06 
120 2
1 22 0 0 0 0 0.000155994 -0.00524253 0.00191057 0.005582 0 10.3298 66.5597 240.127 0 
1 22 0 0 0 0 -4.06577e-05 -0.000500994 0.000116655 0.000516 0 10.3298 66.5597 240.127 0 
121 3
1 22 0 0 0 0 -0.00203748 -0.00170082 0.000799212 0.0027718 0 -9.6456 -21.7125 214.31 0 
1 22 0 0 0 0 0.00268364 -7.02773e-07 -0.000834858 0.0028105 0 -9.6456 -21.7125 214.31 0 
1 22 0 0 0 0 0.00023039 0.000296387 -0.000354022 0.000516 0 -9.6456 -21.7125 214.31 0 
122 4
1 22 0 0 0 0 1.25814e-05 0.00250387 0.00272459 0.0037004 0 -2.84093 -18.468 140.746 0 
1 22 0 0 0 0 -0.000521267 0.000892134 -0.00015146 0.0010443 0 -2.84093 -18.468 140.746 0 
1 22 0 0 0 0 0.000617356 -0.000907642 -0.000451166 0.0011868 0 -2.84093 -18.468 140.746 0 
1 22 0 0 0 0 -0.00011149 -0.000119769 -3.485e-05 0.0001673 0 -2.84093 -18.468 140.746 0 
123 3
1 22 0 0 0 0 0.00173805 -0.00225015 0.00236832 0.0037004 0 -7.54734 91.5718 282.313 0 
1 22 0 0 0 0 0.00160175 0.000884644 0.000438006 0.0018815 0 -7.54734 91.5718 282.313 0 
1 22 0 0 0 0 -0.000510835 -1.74073e-05 -7.07136e-05 0.000516 0 -7.54734 91.5718 282.313 0 
124 3
1 22 0 0 0 0 0.00254283 -0.00399603 -0.000284254 0.004745 0 5.42194 128.169 260.783 0 
1 22 0 0 0 0 -0.000552674 0.000522569 -0.000911026 0.0011868 0 5.42194 128.169 260.783 0 
1 22 0 0 0 0 -0.000135612 7.18867e-05 6.65652e-05 0.0001673 0 5.42194 128.169 260.783 0 
125 3
1 22 0 0 0 0 -0.00186556 -0.000726409 -0.000729314 0.0021307 0 -9.13752 22.116 62.176 0 
1 22 0 0 0 0 0.00227965 0.000713409 -0.00249182 0.0034518 0 -9.13752 22.116 62.176 0 
1 22 0 0 0 0 0.000336093 0.000153829 -0.000360048 0.000516 0 -9.13752 22.116 62.176 0 
126 3
1 22 0 0 0 0 0.00439322 0.00127455 -0.00126101 0.004745 0 3.35376 -147.014 99.6404 0 
1 22 0 0 0 0 -0.000630726 -0.00100317 -6.5733e-05 0.0011868 0 3.35376 -147.014 99.6404 0 
1 22 0 0 0 0 1.80686e-05 -0.000139733 9.02082e-05 0.0001673 0 3.35376 -147.014 99.6404 0 
127 2
1 22 0 0 0 0 0.00219074 -0.00478414 -0.00186315 0.005582 0 9.68609 -30.5382 109.601 0 
1 22 0 0 0 0 -0.000201381 9.30624e-05 -0.000465877 0.000516 0 9.68609 -30.5382 109.601 0 
128 3
1 22 0 0 0 0 -0.00104017 -0.00337967 0.003164 0.004745 0 -8.92959 42.8457 9.3238 0 
1 22 0 0 0 0 8.97246e-05 -0.000868219 0.000804139 0.0011868 0 -8.92959 42.8457 9.3238 0 
1 22 0 0 0 0 9.99006e-05 3.61933e-05 0.000129225 0.0001673 0 -8.92959 42.8457 9.3238 0 
129 3
1 22 0 0 0 0 0.00195477 0.000375191 -0.00430733 0.004745 0 4.15923 17.9947 153.419 0 
1 22 0 0 0 0 -0.00102032 -0.000505635 0.000334328 0.0011868 0 4.15923 17.9947 153.419 0 
1 22 0 0 0 0 5.34359e-05 -9.27742e-05 -0.000128557 0.0001673 0 4.15923 17.9947 153.419 0 
130 3
1 22 0 0 0 0 0.000294679 -0.00321838 0.000939021 0.0033655 0 2.79473 146.634 55.5568 0 
1 22 0 0 0 0 0.0020169 0.000466163 0.00151646 0.0025661 0 2.79473 146.634 55.5568 0 
1 22 0 0 0 0 1.68103e-05 1.80705e-05 0.00016547 0.0001673 0 2.79473 146.634 55.5568 0 
131 3
1 22 0 0 0 0 -0.00173324 -0.00167077 0.00137379 0.0027718 0 -9.35926 112.602 79.503 0 
1 22 0 0 0 0 -0.000205033 -0.00113495 -0.00256296 0.0028105 0 -9.35926 112.602 79.503 0 
1 22 0 0 0 0 -0.000412277 0.000305601 5.37754e-05 0.000516 0 -9.35926 112.602 79.503 0 
132 3
1 22 0 0 0 0 0.00286425 0.00114897 0.000632197 0.0031502 0 3.19781 -157.881 78.404 0 
1 22 0 0 0 0 -0.000315579 -6.08942e-05 0.00276317 0.0027818 0 3.19781 -157.881 78.404 0 
1 22 0 0 0 0 0.000138277 -2.64314e-05 -9.03896e-05 0.0001673 0 3.19781 -157.881 78.404 0 
133 3
1 22 0 0 0 0 -0.00199029 -0.00419295 0.00098639 0.004745 0 -1.98145 0.874305 250.075 1.07204e+06 
1 22 0 0 0 0 0.000838332 -0.000752777 0.000372856 0.0011868 0 -1.98145 0.874305 250.075 1.07204e+06 
1 22 0 0 0 0 0.000152669 1.57432e-05 6.6586e-05 0.0001673 0 -1.98145 0.874305 250.075 1.07204e+06 
134 3
1 22 0 0 0 0 -0.00219981 -0.00348202 -0.00235614 0.004745 0 6.78074 -18.5668 203.324 0 
1 22 0 0 0 0 -0.00110675 0.000129021 -0.00040859 0.0011868 0 6.78074 -18.5668 203.324 0 
1 22 0 0 0 0 8.5093e-05 3.67978e-05 -0.000139264 0.0001673 0 6.78074 -18.5668 203.324 0 
135 3
1 22 0 0 0 0 0.00220322 0.000957796 0.0013825 0.0027718 0 -9.95689 -110.567 13.4301 0 
1 22 0 0 0 0 -0.000287113 0.000827313 -0.00267059 0.0028105 0 -9.95689 -110.567 13.4301 0 
1 22 0 0 0 0 2.6685e-05 0.000322507 0.000401912 0.000516 0 -9.95689 -110.567 13.4301 0 
136 3
1 22 0 0 0 0 -0.00317857 -0.00180669 0.00421797 0.005582 0 11.0122 -45.1176 144 0 
1 22 0 0 0 0 -0.000310135 -5.26201e-05 -0.000150464 0.0003487 0 11.0122 -45.1176 144 0 
1 22 0 0 0 0 -0.000117244 5.31609e-05 0.00010685 0.0001673 0 11.0122 -45.1176 144 0 
137 3
1 22 0 0 0 0 -0.00246614 -0.00366302 0.0017365 0.004745 0 -3.44933 131.401 55.4194 0 
1 22 0 0 0 0 0.00110321 -0.000437361 1.12987e-05 0.0011868 0 -3.44933 131.401 55.4194 0 
1 22 0 0 0 0 -3.97801e-05 0.000159002 3.35448e-05 0.0001673 0 -3.44933 131.401 55.4194 0 
138 3
1 22 0 0 0 0 -0.0040333 -0.00201818 -0.0014746 0.004745 0 3.68789 -82.2739 250.047 0 
1 22 0 0 0 0 0.001005 0.000608039 -0.000169596 0.0011868 0 3.68789 -82.2739 250.047 0 
1 22 0 0 0 0 -0.000143927 5.5308e-05 6.4925e-05 0.0001673 0 3.68789 -82.2739 250.047 0 
139 3
1 22 0 0 0 0 0.00207428 0.00170572 -0.00391189 0.004745 0 8.23864 69.3662 246.033 0 
1 22 0 0 0 0 -0.000849998 -0.000701433 0.000440443 0.0011868 0 8.23864 69.3662 246.033 0 
1 22 0 0 0 0 -5.30691e-05 -0.000150992 -4.87291e-05 0.0001673 0 8.23864 69.3662 246.033 0 
140 4
1 22 0 0 0 0 -0.00150818 -0.00337491 0.000168442 0.0037004 0 1.67731 -29.7216 118.862 0 
1 22 0 0 0 0 -0.00111242 -0.00149334 -0.000269257 0.0018815 0 1.67731 -29.7216 118.862 0 
1 22 0 0 0 0 0.00016527 -0.000244988 -0.00018509 0.0003487 0 1.67731 -29.7216 118.862 0 
1 22 0 0 0 0 -0.00011112 -0.000124995 -4.22885e-06 0.0001673 0 1.67731 -29.7216 118.862 0 
141 3
1 22 0 0 0 0 -0.00293851 -0.000566404 0.000767299 0.0030894 0 5.94267 152.483 66.2772 0 
1 22 0 0 0 0 0.00187768 0.00207197 -0.000510945 0.0028425 0 5.94267 152.483 66.2772 0 
1 22 0 0 0 0 1.49603e-05 -0.000148846 7.49022e-05 0.0001673 0 5.94267 152.483 66.2772 0 
142 3
1 22 0 0 0 0 0.00285751 -0.00378715 8.45107e-05 0.004745 0 7.49411 23.6429 7.75972 0 
1 22 0 0 0 0 -0.000857718 -0.000226441 0.000788377 0.0011868 0 7.49411 23.6429 7.75972 0 
1 22 0 0 0 0 9.38651e-05 -0.00011063 -8.33043e-05 0.0001673 0 7.49411 23.6429 7.75972 0 
143 3
1 22 0 0 0 0 0.000488463 0.00103077 0.00252622 0.0027718 0 -10.3378 -152.003 148.749 0 
1 22 0 0 0 0 -0.00232488 0.000133547 -0.00157353 0.0028105 0 -10.3378 -152.003 148.749 0 
1 22 0 0 0 0 0.000503152 2.90376e-05 -0.000110683 0.000516 0 -10.3378 -152.003 148.749 0 
144 3
1 22 0 0 0 0 0.000626574 -0.00355489 -0.0030798 0.004745 0 7.26537 1.06024 8.56983 183701 
1 22 0 0 0 0 0.000428182 -0.000460509 -0.00100652 0.0011868 0 7.26537 1.06024 8.56983 183701 
1 22 0 0 0 0 4.34337e-05 0.000161557 1.49304e-06 0.0001673 0 7.26537 1.06024 8.56983 183701 
145 4
1 22 0 0 0 0 0.00279967 0.00108242 0.00216407 0.0037004 0 -6.39386 32.1241 4.42376 0 
1 22 0 0 0 0 0.000485926 0.000654182 0.000653058 0.0010443 0 -6.39386 32.1241 4.42376 0 
1 22 0 0 0 0 9.59999e-05 0.000275217 -0.00115045 0.0011868 0 -6.39386 32.1241 4.42376 0 
1 22 0 0 0 0 -0.000124508 0.000110068 -1.92912e-05 0.0001673 0 -6.39386 32.1241 4.42376 0 
146 3
1 22 0 0 0 0 -0.000808903 0.00461446 -0.000753304 0.004745 0 -5.86008 -38.128 180.857 0 
1 22 0 0 0 0 -0.000734882 -0.000138139 0.000921607 0.0011868 0 -5.86008 -38.128 180.857 0 
1 22 0 0 0 0 6.59815e-05 3.67464e-05 -0.000149283 0.0001673 0 -5.86008 -38.128 180.857 0 
147 4
1 22 0 0 0 0 -0.00111725 0.000967537 -0.00339243 0.0037004 0 1.39112 -67.8565 273.122 0 
1 22 0 0 0 0 -0.000325165 -0.000579988 -0.000805261 0.0010443 0 1.39112 -67.8565 273.122 0 
1 22 0 0 0 0 -0.000238162 0.00115219 0.000155661 0.0011868 0 1.39112 -67.8565 273.122 0 
1 22 0 0 0 0 -0.000106919 -8.87184e-05 9.32025e-05 0.0001673 0 1.39112 -67.8565 273.122 0 
148 3
1 22 0 0 0 0 -0.00313267 0.00256122 0.00247822 0.004745 0 5.9543 156.904 172.52 0 
1 22 0 0 0 0 0.000208483 0.00100627 0.000593677 0.0011868 0 5.9543 156.904 172.52 0 
1 22 0 0 0 0 0.000155429 8.80581e-06 -6.12656e-05 0.0001673 0 5.9543 156.904 172.52 0 
149 4
1 22 0 0 0 0 0.000245295 0.00329265 -0.0016707 0.0037004 0 -7.26031 -72.0134 39.4669 0 
1 22 0 0 0 0 0.000691008 -8.06638e-05 -0.000778822 0.0010443 0 -7.26031 -72.0134 39.4669 0 
1 22 0 0 0 0 -0.000250897 -0.000929077 0.000694522 0.0011868 0 -7.26031 -72.0134 39.4669 0 
1 22 0 0 0 0 0.000137261 8.68163e-05 4.01446e-05 0.0001673 0 -7.26031 -72.0134 39.4669 0 
150 3
1 22 0 0 0 0 -0.00370532 0.00286783 -0.000749152 0.004745 0 2.99534 105.136 175.823 0 
1 22 0 0 0 0 -0.000977834 -0.000288306 -0.00060763 0.0011868 0 2.99534 105.136 175.823 0 
1 22 0 0 0 0 4.9664e-05 0.000123556 -0.000101275 0.0001673 0 2.99534 105.136 175.823 0 
151 4
1 22 0 0 0 0 0.00198643 -0.00210582 0.0023049 0.0037004 0 -8.15477 -9.63913 159.941 338795 
1 22 0 0 0 0 -0.000173308 -0.000287882 -0.000988762 0.0010443 0 -8.15477 -9.63913 159.941 338795 
1 22 0 0 0 0 9.76474e-05 -0.000328949 -0.00113611 0.0011868 0 -8.15477 -9.63913 159.941 338795 
1 22 0 0 0 0 -1.15283e-05 0.000125996 -0.000109459 0.0001673 0 -8.15477 -9.63913 159.941 338795 
152 3
1 22 0 0 0 0 0.00325667 0.00292883 -0.00182514 0.004745 0 -8.50682 -15.6011 61.2369 0 
1 22 0 0 0 0 -0.00107719 0.000470577 0.000163459 0.0011868 0 -8.50682 -15.6011 61.2369 0 
1 22 0 0 0 0 6.4475e-05 -0.000102227 0.00011568 0.0001673 0 -8.50682 -15.6011 61.2369 0 
153 3
1 22 0 0 0 0 0.00182941 0.00373996 -0.00227618 0.004745 0 -5.62228 -117.732 147.828 0 
1 22 0 0 0 0 0.000478058 -0.00105261 -0.000268258 0.0011868 0 -5.62228 -117.732 147.828 0 
1 22 0 0 0 0 -7.3763e-05 -0.000132497 -7.06605e-05 0.0001673 0 -5.62228 -117.732 147.828 0 
154 3
1 22 0 0 0 0 -0.0013809 0.00253794 -0.00376391 0.004745 0 0.42847 69.5513 242.67 0 
1 22 0 0 0 0 -4.83677e-05 1.47236e-05 0.00118572 0.0011868 0 0.42847 69.5513 242.67 0 
1 22 0 0 0 0 -7.82284e-05 -0.000119585 -8.70005e-05 0.0001673 0 0.42847 69.5513 242.67 0 
155 3
1 22 0 0 0 0 0.000801252 -0.00463876 0.000595739 0.004745 0 1.73329 104.656 125.179 0 
1 22 0 0 0 0 -0.000704039 0.000946187 0.000132489 0.0011868 0 1.73329 104.656 125.179 0 
1 22 0 0 0 0 -1.34189e-05 -0.000109829 0.000125486 0.0001673 0 1.73329 104.656 125.179 0 
156 3
1 22 0 0 0 0 -0.00157704 0.00447481 6.38171e-05 0.004745 0 -5.17394 -11.9154 143.508 611911 
1 22 0 0 0 0 0.000349354 -0.000662548 -0.000920585 0.0011868 0 -5.17394 -11.9154 143.508 611911 
1 22 0 0 0 0 0.000143191 -5.89017e-05 -6.33737e-05 0.0001673 0 -5.17394 -11.9154 143.508 611911 
157 4
1 22 0 0 0 0 -0.00304606 -0.00109817 -0.00179123 0.0037004 0 6.4852 104.842 134.583 0 
1 22 0 0 0 0 0.00181375 -0.000160305 0.000473973 0.0018815 0 6.4852 104.842 134.583 0 
1 22 0 0 0 0 0.000298704 0.000153662 -9.35721e-05 0.0003487 0 6.4852 104.842 134.583 0 
1 22 0 0 0 0 -9.61736e-05 -0.000114773 7.46128e-05 0.0001673 0 6.4852 104.842 134.583 0 
158 3
1 22 0 0 0 0 -0.00314621 -0.0010607 -0.00055035 0.0033655 0 -0.642554 -115.043 246.913 0 
1 22 0 0 0 0 0.00178249 -0.0010154 -0.00154162 0.0025661 0 -0.642554 -115.043 246.913 0 
1 22 0 0 0 0 0.000140274 5.73976e-05 -7.08384e-05 0.0001673 0 -0.642554 -115.043 246.913 0 
159 3
1 22 0 0 0 0 -0.00383118 0.00120907 0.00387543 0.005582 0 -9.10364 96.5422 90.4872 0 
1 22 0 0 0 0 0.0002602 -0.000151817 0.000175612 0.0003487 0 -9.10364 96.5422 90.4872 0 
1 22 0 0 0 0 9.60946e-05 0.000109937 -8.16642e-05 0.0001673 0 -9.10364 96.5422 90.4872 0 
160 3
1 22 0 0 0 0 0.00172684 0.000438877 0.00439778 0.004745 0 -5.08195 -37.1857 135.328 0 
1 22 0 0 0 0 -0.000309866 -0.00065071 -0.000942896 0.0011868 0 -5.08195 -37.1857 135.328 0 
1 22 0 0 0 0 9.59171e-05 -6.12685e-05 -0.000122619 0.0001673 0 -5.08195 -37.1857 135.328 0 
161 3
1 22 0 0 0 0 -0.00366844 -0.00293928 0.000646717 0.004745 0 4.77108 33.2743 229.959 0 
1 22 0 0 0 0 -0.000421787 0.000751423 -0.00081606 0.0011868 0 4.77108 33.2743 229.959 0 
1 22 0 0 0 0 -0.000108337 0.000126223 -1.78876e-05 0.0001673 0 4.77108 33.2743 229.959 0 
162 3
1 22 0 0 0 0 -0.00343397 0.00163712 0.00283596 0.004745 0 3.86301 -30.2241 91.1842 0 
1 22 0 0 0 0 -0.000260294 -0.00109174 -0.000385797 0.0011868 0 3.86301 -30.2241 91.1842 0 
1 22 0 0 0 0 6.39693e-05 -0.000154557 3.03979e-06 0.0001673 0 3.86301 -30.2241 91.1842 0 
163 2
1 22 0 0 0 0 0.00411174 -0.00283989 -0.00248744 0.005582 0 -1.61428 41.0775 6.4084 0 
1 22 0 0 0 0 -0.000244696 7.94873e-05 -0.000447282 0.000516 0 -1.61428 41.0775 6.4084 0 
164 3
1 22 0 0 0 0 0.000147094 0.00236827 0.00143266 0.0027718 0 -7.01721 97.0353 47.8818 0 
1 22 0 0 0 0 0.00264022 -0.0001147 -0.00095656 0.0028105 0 -7.01721 97.0353 47.8818 0 
1 22 0 0 0 0 -4.19353e-05 -0.000511269 -5.5695e-05 0.000516 0 -7.01721 97.0353 47.8818 0 
165 3
1 22 0 0 0 0 -0.00230561 0.00410322 0.000602293 0.004745 0 3.44011 -133.819 58.3346 0 
1 22 0 0 0 0 -0.000848466 -2.14291e-05 0.000829543 0.0011868 0 3.44011 -133.819 58.3346 0 
1 22 0 0 0 0 0.000147268 1.13741e-05 -7.8562e-05 0.0001673 0 3.44011 -133.819 58.3346 0 
166 3
1 22 0 0 0 0 0.00470467 0.000616731 -2.74857e-05 0.004745 0 1.14248 30.1077 58.7176 0 
1 22 0 0 0 0 -1.98106e-05 0.000815662 -0.000189852 0.0008377 0 1.14248 30.1077 58.7176 0 
1 22 0 0 0 0 -0.000376052 -0.000248528 -0.000251147 0.000516 0 1.14248 30.1077 58.7176 0 
167 3
1 22 0 0 0 0 0.000207909 0.00391896 0.00266712 0.004745 0 3.46215 18.3469 183.109 0 
1 22 0 0 0 0 0.000810132 -0.000201211 -0.00084362 0.0011868 0 3.46215 18.3469 183.109 0 
1 22 0 0 0 0 -2.70226e-05 0.000153216 6.15134e-05 0.0001673 0 3.46215 18.3469 183.109 0 
168 3
1 22 0 0 0 0 -0.00424344 -0.00192504 -0.00089578 0.004745 0 9.86431 108.655 206.825 0 
1 22 0 0 0 0 -0.000178436 0.000977629 0.000648765 0.0011868 0 9.86431 108.655 206.825 0 
1 22 0 0 0 0 3.08717e-05 0.000126783 -0.000104701 0.0001673 0 9.86431 108.655 206.825 0 
169 3
1 22 0 0 0 0 -0.000265321 -0.00294948 -0.00107421 0.0031502 0 3.90522 144.039 132.64 0 
1 22 0 0 0 0 -0.000271676 0.00133656 0.0024245 0.0027818 0 3.90522 144.039 132.64 0 
1 22 0 0 0 0 0.000148285 -7.7276e-05 -5.40542e-06 0.0001673 0 3.90522 144.039 132.64 0 
170 3
1 22 0 0 0 0 -0.00215999 -0.00421974 0.00020794 0.004745 0 -0.620568 99.8722 104.948 0 
1 22 0 0 0 0 0.00115812 0.000119635 -0.000230062 0.0011868 0 -0.620568 99.8722 104.948 0 
1 22 0 0 0 0 0.000114603 -7.05284e-05 9.94045e-05 0.0001673 0 -0.620568 99.8722 104.948 0 
171 3
1 22 0 0 0 0 -0.000181271 0.00200423 0.00520662 0.005582 0 6.57742 159.297 157.653 0 
1 22 0 0 0 0 -0.000153666 -0.000275669 0.000148274 0.0003487 0 6.57742 159.297 157.653 0 
1 22 0 0 0 0 0.000136356 8.11406e-05 -5.30333e-05 0.0001673 0 6.57742 159.297 157.653 0 
172 3
1 22 0 0 0 0 0.00382718 -0.000447608 0.002769 0.004745 0 6.34276 23.4148 226.932 0 
1 22 0 0 0 0 -0.000814221 -0.000470486 0.000724004 0.0011868 0 6.34276 23.4148 226.932 0 
1 22 0 0 0 0 -8.87925e-05 0.00011709 -7.99698e-05 0.0001673 0 6.34276 23.4148 226.932 0 
173 3
1 22 0 0 0 0 -0.000648309 0.00233487 -0.00201292 0.0031502 0 -3.75207 -115.367 206.125 0 
1 22 0 0 0 0 -0.000874026 0.00206881 -0.000934427 0.0024325 0 -3.75207 -115.367 206.125 0 
1 22 0 0 0 0 -0.000192862 -0.000176725 0.000444779 0.000516 0 -3.75207 -115.367 206.125 0 
174 4
1 22 0 0 0 0 0.000477325 0.00181894 -0.00318694 0.0037004 0 3.21732 151.419 130.422 0 
1 22 0 0 0 0 0.000990589 -0.00155056 0.000393115 0.0018815 0 3.21732 151.419 130.422 0 
1 22 0 0 0 0 0.000303377 -0.0001256 0.000117381 0.0003487 0 3.21732 151.419 130.422 0 
1 22 0 0 0 0 0.000134758 4.80291e-05 8.67338e-05 0.0001673 0 3.21732 151.419 130.422 0 
175 3
1 22 0 0 0 0 -0.00213118 -0.000584094 0.00224514 0.0031502 0 0.0528755 -97.2691 262.119 0 
1 22 0 0 0 0 -0.00174609 0.00132897 0.0017098 0.0027818 0 0.0528755 -97.2691 262.119 0 
1 22 0 0 0 0 4.1298e-05 -0.000143624 -7.52052e-05 0.0001673 0 0.0528755 -97.2691 262.119 0 
176 4
1 22 0 0 0 0 -0.00430088 -0.00199338 0.000209481 0.004745 0 -1.46034 -140.735 61.4918 0 
1 22 0 0 0 0 0.000695893 0.000444831 0.000139999 0.0008377 0 -1.46034 -140.735 61.4918 0 
1 22 0 0 0 0 -0.000250253 0.000139587 -0.000198698 0.0003487 0 -1.46034 -140.735 61.4918 0 
1 22 0 0 0 0 6.57829e-05 0.000137286 6.93871e-05 0.0001673 0 -1.46034 -140.735 61.4918 0 
177 3
1 22 0 0 0 0 0.00082503 -0.000172766 0.00195688 0.0021307 0 -1.65915 86.8575 26.0726 0 
1 22 0 0 0 0 0.000349095 -0.00323359 -0.00115628 0.0034518 0 -1.65915 86.8575 26.0726 0 
1 22 0 0 0 0 -0.000466704 -0.000218581 -2.57948e-05 0.000516 0 -1.65915 86.8575 26.0726 0 
178 4
1 22 0 0 0 0 -0.0016188 0.00267926 -0.000353249 0.0031502 0 3.71391 117.858 76.6752 0 
1 22 0 0 0 0 0.000197741 -0.00184884 0.00156835 0.0024325 0 3.71391 117.858 76.6752 0 
1 22 0 0 0 0 -0.000187102 8.39188e-05 -0.000282032 0.0003487 0 3.71391 117.858 76.6752 0 
1 22 0 0 0 0 8.24527e-05 0.000117303 8.62022e-05 0.0001673 0 3.71391 117.858 76.6752 0 
179 3
1 22 0 0 0 0 -0.00141774 0.00205058 0.00121161 0.0027718 0 -6.33418 -96.5034 290.3 0 
1 22 0 0 0 0 0.000275439 0.00191209 0.00204131 0.0028105 0 -6.33418 -96.5034 290.3 0 
1 22 0 0 0 0 -0.000164406 0.00044595 0.000200887 0.000516 0 -6.33418 -96.5034 290.3 0 
180 3
1 22 0 0 0 0 -0.00208713 -0.000311348 -0.000294693 0.0021307 0 -6.65018 -2.36322 32.1254 658849 
1 22 0 0 0 0 -0.00327177 -0.00102581 0.000397688 0.0034518 0 -6.65018 -2.36322 32.1254 658849 
1 22 0 0 0 0 0.000499527 0.000110919 6.65246e-05 0.000516 0 -6.65018 -2.36322 32.1254 658849 
181 2
1 22 0 0 0 0 0.00324288 0.00355874 -0.00282451 0.005582 0 -8.25013 -126.957 273.789 0 
1 22 0 0 0 0 -0.000154273 -0.000365762 0.000329658 0.000516 0 -8.25013 -126.957 273.789 0 
182 3
1 22 0 0 0 0 0.00235483 -0.00111113 -0.00396676 0.004745 0 -10.3237 135.832 255.514 0 
1 22 0 0 0 0 -0.000201919 -0.000453479 -0.000674779 0.0008377 0 -10.3237 135.832 255.514 0 
1 22 0 0 0 0 0.000438828 0.000197798 0.000185907 0.000516 0 -10.3237 135.832 255.514 0 
183 3
1 22 0 0 0 0 -0.00263504 0.000638045 0.000576503 0.0027718 0 4.39473 138.736 149.488 0 
1 22 0 0 0 0 -0.00261707 -7.46496e-05 -0.00102189 0.0028105 0 4.39473 138.736 149.488 0 
1 22 0 0 0 0 -0.0003338 0.000123052 0.000373754 0.000516 0 4.39473 138.736 149.488 0 
184 3
1 22 0 0 0 0 -0.00240644 -0.00118599 0.000696677 0.0027718 0 -2.14837 -37.1492 208.8 0 
1 22 0 0 0 0 0.0022193 -0.000534016 0.00163964 0.0028105 0 -2.14837 -37.1492 208.8 0 
1 22 0 0 0 0 0.000114699 0.0005004 -5.19634e-05 0.000516 0 -2.14837 -37.1492 208.8 0 
185 3
1 22 0 0 0 0 -0.0019125 -0.00394617 -0.00181248 0.004745 0 2.50414 157.845 74.4423 0 
1 22 0 0 0 0 0.00104515 -0.000484991 0.000284487 0.0011868 0 2.50414 157.845 74.4423 0 
1 22 0 0 0 0 -9.16417e-05 0.000133062 4.34221e-05 0.0001673 0 2.50414 157.845 74.4423 0 
186 4
1 22 0 0 0 0 -0.00275865 6.58512e-08 0.000269645 0.0027718 0 3.91409 99.344 218.232 0 
1 22 0 0 0 0 0.00112419 -0.00159939 0.000263268 0.0019726 0 3.91409 99.344 218.232 0 
1 22 0 0 0 0 3.43553e-05 0.000228931 0.001164 0.0011868 0 3.91409 99.344 218.232 0 
1 22 0 0 0 0 -0.000100519 -9.49382e-05 -9.41912e-05 0.0001673 0 3.91409 99.344 218.232 0 
187 3
1 22 0 0 0 0 -0.00165717 -0.0016282 0.00413736 0.004745 0 1.74341 134.877 116.483 0 
1 22 0 0 0 0 -0.000892782 0.000327255 0.000710168 0.0011868 0 1.74341 134.877 116.483 0 
1 22 0 0 0 0 1.39081e-05 0.000166617 -5.88932e-06 0.0001673 0 1.74341 134.877 116.483 0 
188 3
1 22 0 0 0 0 -0.00197762 0.00397216 -0.00168107 0.004745 0 9.64609 -4.8752 151.341 1.17089e+06 
1 22 0 0 0 0 0.000188781 -0.000226189 -0.000784182 0.0008377 0 9.64609 -4.8752 151.341 1.17089e+06 
1 22 0 0 0 0 0.000120267 0.000380256 0.00032741 0.000516 0 9.64609 -4.8752 151.341 1.17089e+06 
189 3
1 22 0 0 0 0 -0.00126508 -0.00276416 -0.00364335 0.004745 0 -6.60125 -129.352 32.0344 0 
1 22 0 0 0 0 0.000658528 -0.000133418 0.000500282 0.0008377 0 -6.60125 -129.352 32.0344 0 
1 22 0 0 0 0 0.000355089 0.000319267 -0.00019554 0.000516 0 -6.60125 -129.352 32.0344 0 
190 3
1 22 0 0 0 0 0.00105493 0.000154221 0.00289961 0.0030894 0 0.411973 -105.921 63.9685 0 
1 22 0 0 0 0 0.00102671 0.00195652 0.00178821 0.0028425 0 0.411973 -105.921 63.9685 0 
1 22 0 0 0 0 4.10056e-05 -0.000146315 -6.99983e-05 0.0001673 0 0.411973 -105.921 63.9685 0 
191 3
1 22 0 0 0 0 0.00467201 0.000820956 -0.000115808 0.004745 0 10.4155 1.68462 59.1249 1.05922e+06 
1 22 0 0 0 0 0.000679644 -0.000934484 -0.000270771 0.0011868 0 10.4155 1.68462 59.1249 1.05922e+06 
1 22 0 0 0 0 0.000151434 3.48864e-05 6.19687e-05 0.0001673 0 10.4155 1.68462 59.1249 1.05922e+06 
192 3
1 22 0 0 0 0 -0.000624243 0.00242237 0.00119387 0.0027718 0 5.95351 52.0722 192.884 0 
1 22 0 0 0 0 0.00247976 -0.00110903 0.000720936 0.0028105 0 5.95351 52.0722 192.884 0 
1 22 0 0 0 0 0.000395268 -0.000309988 0.00011801 0.000516 0 5.95351 52.0722 192.884 0 
193 4
1 22 0 0 0 0 0.000732949 -0.00230503 0.00135369 0.0027718 0 -1.83077 151.641 139.203 0 
1 22 0 0 0 0 0.000541012 -0.00013522 0.00275462 0.0028105 0 -1.83077 151.641 139.203 0 
1 22 0 0 0 0 -0.000313682 -3.63843e-05 -0.00014789 0.0003487 0 -1.83077 151.641 139.203 0 
1 22 0 0 0 0 1.61334e-05 -0.000107152 0.000127466 0.0001673 0 -1.83077 151.641 139.203 0 
194 2
1 22 0 0 0 0 0.004646 0.00110925 0.00288843 0.005582 0 10.3181 44.7834 99.7374 0 
1 22 0 0 0 0 -0.000149423 -0.000398572 0.000291666 0.000516 0 10.3181 44.7834 99.7374 0 
195 3
1 22 0 0 0 0 -0.00120086 0.00198384 -0.00151829 0.0027718 0 7.39966 143.51 50.8465 0 
1 22 0 0 0 0 0.00231598 0.000675197 -0.00144196 0.0028105 0 7.39966 143.51 50.8465 0 
1 22 0 0 0 0 0.000293632 -0.000187295 0.000380732 0.000516 0 7.39966 143.51 50.8465 0 
196 3
1 22 0 0 0 0 0.00301423 -0.000693762 0.000597384 0.0031502 0 5.01712 27.2167 66.6128 0 
1 22 0 0 0 0 -0.00233356 -0.00111984 0.00101924 0.0027818 0 5.01712 27.2167 66.6128 0 
1 22 0 0 0 0 2.42199e-05 9.679e-05 -0.000134292 0.0001673 0 5.01712 27.2167 66.6128 0 
197 2
1 22 0 0 0 0 0.00233775 -0.000764827 0.00501086 0.005582 0 -2.99369 14.2408 5.65409 0 
1 22 0 0 0 0 -0.000355307 -0.000373535 -2.2019e-05 0.000516 0 -2.99369 14.2408 5.65409 0 
198 3
1 22 0 0 0 0 0.00355454 0.00272046 0.00157461 0.004745 0 3.97867 90.7466 12.1974 0 
1 22 0 0 0 0 -0.000985325 -0.00021686 0.00062498 0.0011868 0 3.97867 90.7466 12.1974 0 
1 22 0 0 0 0 0.000135366 8.96404e-05 4.03739e-05 0.0001673 0 3.97867 90.7466 12.1974 0 
199 3
1 22 0 0 0 0 -0.000285263 -0.00274051 -0.00386306 0.004745 0 -2.16634 -23.5066 125.984 0 
1 22 0 0 0 0 -0.000558871 -0.000357565 -0.000511421 0.0008377 0 -2.16634 -23.5066 125.984 0 
1 22 0 0 0 0 0.000249469 0.000451686 9.87462e-07 0.000516 0 -2.16634 -23.5066 125.984 0 
200 3
1 22 0 0 0 0 -0.00269888 0.00379701 -0.000902114 0.004745 0 -3.25229 109.283 270.728 0 
1 22 0 0 0 0 -0.000591423 -0.000462043 0.000919364 0.0011868 0 -3.25229 109.283 270.728 0 
1 22 0 0 0 0 -5.08826e-05 4.36442e-05 -0.000153282 0.0001673 0 -3.25229 109.283 270.728 0 
201 3
1 22 0 0 0 0 0.00332518 -0.000185158 -0.00337992 0.004745 0 -4.56215 134.904 236.884 0 
1 22 0 0 0 0 -0.000279865 0.00103295 0.000513017 0.0011868 0 -4.56215 134.904 236.884 0 
1 22 0 0 0 0 -8.22539e-05 2.95086e-05 0.000142663 0.0001673 0 -4.56215 134.904 236.884 0 
202 3
1 22 0 0 0 0 -0.000400073 0.0026129 -0.000833996 0.0027718 0 -4.15049 16.9128 41.4804 0 
1 22 0 0 0 0 0.00130067 0.00139536 0.00206401 0.0028105 0 -4.15049 16.9128 41.4804 0 
1 22 0 0 0 0 -7.27669e-05 -0.000482557 -0.000167629 0.000516 0 -4.15049 16.9128 41.4804 0 
203 3
1 22 0 0 0 0 -0.0031679 -0.00215343 0.00280039 0.004745 0 -6.98174 -55.8908 206.487 0 
1 22 0 0 0 0 -9.33031e-05 -0.000692499 -0.000959288 0.0011868 0 -6.98174 -55.8908 206.487 0 
1 22 0 0 0 0 -9.50002e-05 -0.000129678 4.63442e-05 0.0001673 0 -6.98174 -55.8908 206.487 0 
204 2
1 22 0 0 0 0 -0.000293288 0.0052061 0.00199228 0.005582 0 -6.16605 9.91163 221.204 162766 
1 22 0 0 0 0 0.000273505 -0.000184737 0.00039664 0.000516 0 -6.16605 9.91163 221.204 162766 
205 4
1 22 0 0 0 0 -0.000511776 0.00332691 -0.00153712 0.0037004 0 2.76354 4.44566 78.352 2.47227e+06 
1 22 0 0 0 0 -0.000726227 0.000593589 -0.00045914 0.0010443 0 2.76354 4.44566 78.352 2.47227e+06 
1 22 0 0 0 0 0.00116215 -6.80705e-05 0.000230781 0.0011868 0 2.76354 4.44566 78.352 2.47227e+06 
1 22 0 0 0 0 0.000122401 0.00010979 3.08786e-05 0.0001673 0 2.76354 4.44566 78.352 2.47227e+06 
206 3
1 22 0 0 0 0 0.00201789 -0.0037868 -0.00202566 0.004745 0 -0.896414 146.749 262.681 0 
1 22 0 0 0 0 -3.86914e-05 -0.00108166 0.00048684 0.0011868 0 -0.896414 146.749 262.681 0 
1 22 0 0 0 0 -5.0828e-05 -0.000142627 -7.11569e-05 0.0001673 0 -0.896414 146.749 262.681 0 
207 3
1 22 0 0 0 0 -0.00138873 -0.00360716 -0.00275225 0.004745 0 0.248583 -24.5617 72.4715 0 
1 22 0 0 0 0 0.000463854 -0.000624095 -0.000896571 0.0011868 0 0.248583 -24.5617 72.4715 0 
1 22 0 0 0 0 -7.28753e-05 -0.00014868 2.39297e-05 0.0001673 0 0.248583 -24.5617 72.4715 0 
208 3
1 22 0 0 0 0 -0.00166591 0.00443952 0.000174366 0.004745 0 10.2552 117.428 8.48324 0 
1 22 0 0 0 0 0.00107561 -0.000454721 0.00021165 0.0011868 0 10.2552 117.428 8.48324 0 
1 22 0 0 0 0 -6.3211e-05 -0.000153492 -2.08301e-05 0.0001673 0 10.2552 117.428 8.48324 0 
209 3
1 22 0 0 0 0 0.00175899 -0.00230131 0.00375832 0.004745 0 -11.3283 41.5463 110.705 0 
1 22 0 0 0 0 -0.0007989 -0.000790747 -0.000380753 0.0011868 0 -11.3283 41.5463 110.705 0 
1 22 0 0 0 0 -0.000132968 9.18632e-05 4.32444e-05 0.0001673 0 -11.3283 41.5463 110.705 0 
210 3
1 22 0 0 0 0 0.00448953 0.00102798 -0.00114124 0.004745 0 -7.66289 31.6271 260.292 0 
1 22 0 0 0 0 0.00044647 0.000319795 -0.000632564 0.0008377 0 -7.66289 31.6271 260.292 0 
1 22 0 0 0 0 -0.000434127 9.67802e-05 -0.000261579 0.000516 0 -7.66289 31.6271 260.292 0 
211 2
1 22 0 0 0 0 -0.00136875 -0.0034282 -0.00298144 0.004745 0 -10.0812 -20.2136 262.375 0 
1 22 0 0 0 0 -0.000914686 -0.000957971 0.000280994 0.001354 0 -10.0812 -20.2136 262.375 0 
212 3
1 22 0 0 0 0 0.00376298 0.00262263 0.00121524 0.004745 0 6.59829 -100.367 20.9418 0 
1 22 0 0 0 0 0.000778054 -0.000759296 0.00047602 0.0011868 0 6.59829 -100.367 20.9418 0 
1 22 0 0 0 0 -0.000122933 3.34724e-05 -0.000108426 0.0001673 0 6.59829 -100.367 20.9418 0 
213 3
1 22 0 0 0 0 0.00224985 -0.00133962 0.000909111 0.0027718 0 6.59541 -120.59 173.721 0 
1 22 0 0 0 0 -0.000958238 -0.00212806 -0.0015659 0.0028105 0 6.59541 -120.59 173.721 0 
1 22 0 0 0 0 0.000498226 8.62936e-05 -0.000102861 0.000516 0 6.59541 -120.59 173.721 0 
214 3
1 22 0 0 0 0 0.00276207 0.00290986 0.00253352 0.004745 0 -1.04096 84.4272 190.77 0 
1 22 0 0 0 0 0.000952336 0.000633846 -0.000315894 0.0011868 0 -1.04096 84.4272 190.77 0 
1 22 0 0 0 0 0.000137843 -8.88619e-05 -3.30496e-05 0.0001673 0 -1.04096 84.4272 190.77 0 
215 3
1 22 0 0 0 0 -0.0041741 0.00210645 0.000809179 0.004745 0 -1.91502 -21.0835 189.315 0 
1 22 0 0 0 0 0.000633784 -0.000979049 -0.000219715 0.0011868 0 -1.91502 -21.0835 189.315 0 
1 22 0 0 0 0 -1.47925e-05 -0.000150714 -7.11044e-05 0.0001673 0 -1.91502 -21.0835 189.315 0 
216 3
1 22 0 0 0 0 -0.00446552 0.00160262 -7.60452e-05 0.004745 0 4.17097 20.6754 13.8036 0 
1 22 0 0 0 0 0.00069352 -0.000701119 -0.00066027 0.0011868 0 4.17097 20.6754 13.8036 0 
1 22 0 0 0 0 2.50098e-05 -0.000159982 -4.20663e-05 0.0001673 0 4.17097 20.6754 13.8036 0 
217 4
1 22 0 0 0 0 -0.00270186 -0.000735954 0.00241894 0.0037004 0 -10.4992 -36.0725 181.259 0 
1 22 0 0 0 0 0.000393263 0.000830193 -0.000496675 0.0010443 0 -10.4992 -36.0725 181.259 0 
1 22 0 0 0 0 0.000788505 0.000200269 -0.000864087 0.0011868 0 -10.4992 -36.0725 181.259 0 
1 22 0 0 0 0 -6.4387e-05 -0.000133578 -7.74623e-05 0.0001673 0 -10.4992 -36.0725 181.259 0 
218 4
1 22 0 0 0 0 -0.00326415 0.00151508 -0.000861868 0.0037004 0 6.50482 -140.54 243.466 0 
1 22 0 0 0 0 -0.000768922 0.000645948 0.000286482 0.0010443 0 6.50482 -140.54 243.466 0 
1 22 0 0 0 0 -0.000723697 0.00083057 0.000441487 0.0011868 0 6.50482 -140.54 243.466 0 
1 22 0 0 0 0 3.55496e-05 -0.000109202 -0.000121657 0.0001673 0 6.50482 -140.54 243.466 0 
219 2
1 22 0 0 0 0 -0.0013278 0.000196644 0.00541821 0.005582 0 4.15218 -41.1554 138.755 0 
1 22 0 0 0 0 -0.000230788 -0.00042783 0.000173074 0.000516 0 4.15218 -41.1554 138.755 0 
220 3
1 22 0 0 0 0 0.00366249 -0.00301517 9.98617e-05 0.004745 0 6.38285 34.7516 79.8359 0 
1 22 0 0 0 0 0.000385258 0.000186331 -0.000720138 0.0008377 0 6.38285 34.7516 79.8359 0 
1 22 0 0 0 0 -0.000407104 9.84172e-05 0.00030139 0.000516 0 6.38285 34.7516 79.8359 0 
221 3
1 22 0 0 0 0 -0.000286095 -0.0022124 -0.0041879 0.004745 0 -6.97318 99.1513 73.4197 0 
1 22 0 0 0 0 -0.00103273 0.000496948 0.000308242 0.0011868 0 -6.97318 99.1513 73.4197 0 
1 22 0 0 0 0 -5.61773e-06 0.000166228 -1.80518e-05 0.0001673 0 -6.97318 99.1513 73.4197 0 
222 3
1 22 0 0 0 0 -0.00378138 -0.00169113 0.00231436 0.004745 0 3.97593 13.8417 248.536 0 
1 22 0 0 0 0 -0.0010298 -0.000477488 0.000346427 0.0011868 0 3.97593 13.8417 248.536 0 
1 22 0 0 0 0 -1.96961e-05 0.000160714 4.21005e-05 0.0001673 0 3.97593 13.8417 248.536 0 
223 3
1 22 0 0 0 0 0.00233455 -0.00156866 0.00141877 0.0031502 0 10.5746 -45.7158 10.5625 0 
1 22 0 0 0 0 0.00249654 0.000763549 -0.000960576 0.0027818 0 10.5746 -45.7158 10.5625 0 
1 22 0 0 0 0 -8.34289e-05 -9.16945e-05 -0.000112343 0.0001673 0 10.5746 -45.7158 10.5625 0 
224 3
1 22 0 0 0 0 -0.000302965 -0.00433611 0.001903 0.004745 0 10.4669 -56.6634 93.4189 0 
1 22 0 0 0 0 -0.00116916 -4.47398e-05 -0.0001989 0.0011868 0 10.4669 -56.6634 93.4189 0 
1 22 0 0 0 0 -9.63291e-05 2.24914e-05 -0.000134923 0.0001673 0 10.4669 -56.6634 93.4189 0 
225 3
1 22 0 0 0 0 0.00389644 -0.0014043 0.00231531 0.004745 0 10.6704 -30.7444 252.545 0 
1 22 0 0 0 0 0.000482389 0.000690542 -0.000836031 0.0011868 0 10.6704 -30.7444 252.545 0 
1 22 0 0 0 0 -0.000150972 2.08185e-05 -6.90178e-05 0.0001673 0 10.6704 -30.7444 252.545 0 
226 3
1 22 0 0 0 0 0.00126092 -0.00127349 0.00439356 0.004745 0 -7.64294 17.6138 9.10833 0 
1 22 0 0 0 0 -0.000738865 -0.000897885 -0.000237434 0.0011868 0 -7.64294 17.6138 9.10833 0 
1 22 0 0 0 0 0.000152208 -2.13135e-05 6.60893e-05 0.0001673 0 -7.64294 17.6138 9.10833 0 
227 3
1 22 0 0 0 0 -0.00328989 -0.00286615 -0.00186462 0.004745 0 8.56 -99.3369 79.1719 0 
1 22 0 0 0 0 -0.000612141 -0.000579586 -0.000835379 0.0011868 0 8.56 -99.3369 79.1719 0 
1 22 0 0 0 0 -5.46515e-05 0.000124497 -9.74835e-05 0.0001673 0 8.56 -99.3369 79.1719 0 
228 3
1 22 0 0 0 0 0.00130771 -0.00165388 -0.00425084 0.004745 0 -11.3699 -154.563 280.85 0 
1 22 0 0 0 0 -4.68715e-05 0.00118202 -9.54883e-05 0.0011868 0 -11.3699 -154.563 280.85 0 
1 22 0 0 0 0 0.0001044 0.000114208 -6.36115e-05 0.0001673 0 -11.3699 -154.563 280.85 0 
229 3
1 22 0 0 0 0 0.00397054 0.00256884 0.000388435 0.004745 0 5.7422 -149.874 11.5155 0 
1 22 0 0 0 0 0.000457234 -0.000627603 0.000314313 0.0008377 0 5.7422 -149.874 11.5155 0 
1 22 0 0 0 0 -0.000184901 0.000462203 -0.000135779 0.000516 0 5.7422 -149.874 11.5155 0 
230 3
1 22 0 0 0 0 0.00244278 0.00203314 0.00352338 0.004745 0 -6.53514 128.345 8.8563 0 
1 22 0 0 0 0 -0.000778416 0.000283212 -0.000849914 0.0011868 0 -6.53514 128.345 8.8563 0 
1 22 0 0 0 0 -0.000157906 -3.23535e-05 4.48121e-05 0.0001673 0 -6.53514 128.345 8.8563 0 
231 5
1 22 0 0 0 0 0.00205586 0.000212572 -0.000517823 0.0021307 0 -9.61653 144.847 147.4 0 
1 22 0 0 0 0 0.00208379 -0.00141769 -0.000694668 0.0026143 0 -9.61653 144.847 147.4 0 
1 22 0 0 0 0 0.000125281 -0.000392665 0.000729288 0.0008377 0 -9.61653 144.847 147.4 0 
1 22 0 0 0 0 -0.000147031 0.000282461 -0.00014209 0.0003487 0 -9.61653 144.847 147.4 0 
1 22 0 0 0 0 -0.000127158 -7.45358e-05 7.91487e-05 0.0001673 0 -9.61653 144.847 147.4 0 
232 4
1 22 0 0 0 0 0.00198733 -0.00234546 -0.00205968 0.0037004 0 9.72699 -41.8784 271.139 0 
1 22 0 0 0 0 7.75766e-06 0.000817026 0.000650363 0.0010443 0 9.72699 -41.8784 271.139 0 
1 22 0 0 0 0 -0.000696001 0.000906953 0.000318612 0.0011868 0 9.72699 -41.8784 271.139 0 
1 22 0 0 0 0 0.000102953 -0.000101428 8.42748e-05 0.0001673 0 9.72699 -41.8784 271.139 0 
233 3
1 22 0 0 0 0 0.000890059 0.00398808 -0.00241207 0.004745 0 -5.15317 -28.7852 175.304 0 
1 22 0 0 0 0 0.00110773 -0.00040487 0.000132314 0.0011868 0 -5.15317 -28.7852 175.304 0 
1 22 0 0 0 0 0.000157393 5.66136e-05 -3.39063e-06 0.0001673 0 -5.15317 -28.7852 175.304 0 
234 3
1 22 0 0 0 0 0.00336301 -0.00332827 -0.000357495 0.004745 0 10.0187 133.73 5.73962 0 
1 22 0 0 0 0 -0.000287485 -0.000457024 -0.00105687 0.0011868 0 10.0187 133.73 5.73962 0 
1 22 0 0 0 0 -6.45083e-05 -7.19283e-05 -0.000136581 0.0001673 0 10.0187 133.73 5.73962 0 
235 3
1 22 0 0 0 0 -0.00197693 -0.00428402 0.000503989 0.004745 0 9.72408 -141.595 228.31 0 
1 22 0 0 0 0 -0.000921327 -0.000709043 -0.000238555 0.0011868 0 9.72408 -141.595 228.31 0 
1 22 0 0 0 0 2.58007e-05 -3.88734e-05 0.000160663 0.0001673 0 9.72408 -141.595 228.31 0 
236 3
1 22 0 0 0 0 0.00307677 -0.00194784 -0.00304211 0.004745 0 -6.58802 105.421 56.3113 0 
1 22 0 0 0 0 8.32447e-07 0.00110601 0.000430378 0.0011868 0 -6.58802 105.421 56.3113 0 
1 22 0 0 0 0 -7.47936e-05 0.000133953 6.67224e-05 0.0001673 0 -6.58802 105.421 56.3113 0 
237 3
1 22 0 0 0 0 0.000827729 -0.00461325 -0.000740133 0.004745 0 -4.28006 -43.4957 93.9232 0 
1 22 0 0 0 0 -0.000216729 0.000334483 -0.000736812 0.0008377 0 -4.28006 -43.4957 93.9232 0 
1 22 0 0 0 0 -3.08828e-05 0.000412881 0.000307947 0.000516 0 -4.28006 -43.4957 93.9232 0 
238 3
1 22 0 0 0 0 0.00472298 -0.000405257 -0.00021039 0.004745 0 -0.308681 -140.719 206.754 0 
1 22 0 0 0 0 -0.000348531 -0.000757318 -8.20772e-05 0.0008377 0 -0.308681 -140.719 206.754 0 
1 22 0 0 0 0 -0.000134448 -3.13894e-05 -0.000497187 0.000516 0 -0.308681 -140.719 206.754 0 
239 3
1 22 0 0 0 0 -0.00071267 0.000691134 0.00463998 0.004745 0 0.24106 77.7486 72.6785 0 
1 22 0 0 0 0 -0.000329149 -0.000713977 0.000289204 0.0008377 0 0.24106 77.7486 72.6785 0 
1 22 0 0 0 0 0.000412102 -3.16697e-05 -0.000308909 0.000516 0 0.24106 77.7486 72.6785 0 
240 3
1 22 0 0 0 0 0.00362135 -0.00213222 0.00220329 0.004745 0 -7.02186 127.564 120.137 0 
1 22 0 0 0 0 -0.000547319 -0.000597617 -0.000867058 0.0011868 0 -7.02186 127.564 120.137 0 
1 22 0 0 0 0 -5.78436e-05 -6.62536e-05 -0.000142316 0.0001673 0 -7.02186 127.564 120.137 0 
241 3
1 22 0 0 0 0 -0.004092 -0.00123944 -0.00205776 0.004745 0 -9.12807 -94.495 132.497 0 
1 22 0 0 0 0 -0.000952705 -0.00068373 0.000182652 0.0011868 0 -9.12807 -94.495 132.497 0 
1 22 0 0 0 0 -0.00015163 -5.48367e-05 -4.46166e-05 0.0001673 0 -9.12807 -94.495 132.497 0 
242 3
1 22 0 0 0 0 -0.00407465 0.00150834 -0.00190714 0.004745 0 3.00867 82.8933 12.2532 0 
1 22 0 0 0 0 -0.000140554 0.000198287 -0.00116165 0.0011868 0 3.00867 82.8933 12.2532 0 
1 22 0 0 0 0 -5.24261e-05 1.08395e-05 0.000158503 0.0001673 0 3.00867 82.8933 12.2532 0 
243 4
1 22 0 0 0 0 0.00210228 -0.000343659 4.70917e-05 0.0021307 0 -9.94221 -125.79 125.899 0 
1 22 0 0 0 0 -0.00052593 0.00228253 -0.00116105 0.0026143 0 -9.94221 -125.79 125.899 0 
1 22 0 0 0 0 -0.00025509 -0.00113514 -0.000234243 0.0011868 0 -9.94221 -125.79 125.899 0 
1 22 0 0 0 0 -0.000153457 -5.39795e-05 3.90683e-05 0.0001673 0 -9.94221 -125.79 125.899 0 
244 3
1 22 0 0 0 0 0.00263252 0.000606852 -0.00390084 0.004745 0 7.55851 -97.4129 146.859 0 
1 22 0 0 0 0 0.000917758 0.000739655 -0.000138295 0.0011868 0 7.55851 -97.4129 146.859 0 
1 22 0 0 0 0 -0.000122895 -0.000111633 -2.05985e-05 0.0001673 0 7.55851 -97.4129 146.859 0 
245 4
1 22 0 0 0 0 -0.00211517 -0.000151803 0.000207145 0.0021307 0 7.3854 14.3995 219.147 0 
1 22 0 0 0 0 -0.00104053 -0.00131625 0.00200483 0.0026143 0 7.3854 14.3995 219.147 0 
1 22 0 0 0 0 -0.00115967 0.000199286 0.000154717 0.0011868 0 7.3854 14.3995 219.147 0 
1 22 0 0 0 0 -0.000131878 6.6566e-05 -7.85268e-05 0.0001673 0 7.3854 14.3995 219.147 0 
246 3
1 22 0 0 0 0 0.00286114 0.00371458 0.000728526 0.004745 0 6.67722 55.5458 274.547 0 
1 22 0 0 0 0 0.000651669 0.000988192 8.54314e-05 0.0011868 0 6.67722 55.5458 274.547 0 
1 22 0 0 0 0 -1.3902e-05 -0.000116202 -0.000119554 0.0001673 0 6.67722 55.5458 274.547 0 
247 2
1 22 0 0 0 0 -0.00535925 -0.000679376 0.00140556 0.005582 0 -7.33247 108.687 9.59464 0 
1 22 0 0 0 0 -0.000508561 -9.07659e-06 8.68264e-05 0.000516 0 -7.33247 108.687 9.59464 0 
248 3
1 22 0 0 0 0 -0.00303296 -0.00364602 -0.00015068 0.004745 0 -11.1823 -93.841 18.8913 0 
1 22 0 0 0 0 0.0011131 0.000281148 -0.000300772 0.0011868 0 -11.1823 -93.841 18.8913 0 
1 22 0 0 0 0 -0.000146572 2.56762e-05 -7.64637e-05 0.0001673 0 -11.1823 -93.841 18.8913 0 
249 3
1 22 0 0 0 0 0.000495359 0.000152751 -0.00332534 0.0033655 0 -6.07991 29.5819 251.101 0 
1 22 0 0 0 0 -0.00113871 3.90604e-05 -0.00229928 0.0025661 0 -6.07991 29.5819 251.101 0 
1 22 0 0 0 0 -1.89762e-05 -0.000161299 -4.01456e-05 0.0001673 0 -6.07991 29.5819 251.101 0 
250 3
1 22 0 0 0 0 0.00162873 -0.00186322 -0.0012484 0.0027718 0 2.90111 -1.4126 95.7185 1.05605e+06 
1 22 0 0 0 0 0.000246111 0.00225211 0.00166323 0.0028105 0 2.90111 -1.4126 95.7185 1.05605e+06 
1 22 0 0 0 0 -0.000396571 0.000124255 -0.000305857 0.000516 0 2.90111 -1.4126 95.7185 1.05605e+06 
251 3
1 22 0 0 0 0 0.000413137 0.00221469 -0.00161473 0.0027718 0 -3.56167 135.767 114.718 0 
1 22 0 0 0 0 -0.000192968 -0.00262212 0.000993057 0.0028105 0 -3.56167 135.767 114.718 0 
1 22 0 0 0 0 0.000288992 0.000399345 -0.000152523 0.000516 0 -3.56167 135.767 114.718 0 
252 3
1 22 0 0 0 0 -0.00126703 0.00442476 -0.00115377 0.004745 0 3.76922 110.941 93.8511 0 
1 22 0 0 0 0 0.000742398 -0.000899013 0.000221621 0.0011868 0 3.76922 110.941 93.8511 0 
1 22 0 0 0 0 -5.10218e-05 0.000118789 0.000106185 0.0001673 0 3.76922 110.941 93.8511 0 
253 3
1 22 0 0 0 0 0.00336705 0.00176787 -0.00283771 0.004745 0 9.65894 96.0288 94.4526 0 
1 22 0 0 0 0 0.000738298 -0.000311714 -0.000875354 0.0011868 0 9.65894 96.0288 94.4526 0 
1 22 0 0 0 0 2.3329e-05 0.000160345 4.16481e-05 0.0001673 0 9.65894 96.0288 94.4526 0 
254 2
1 22 0 0 0 0 0.00463888 -0.000699693 0.00302489 0.005582 0 10.7229 -148.617 188.055 0 
1 22 0 0 0 0 -0.000182733 0.000390312 -0.000283763 0.000516 0 10.7229 -148.617 188.055 0 
255 3
1 22 0 0 0 0 0.000732899 0.0018729 0.000703552 0.0021307 0 9.02719 59.9493 288.477 0 
1 22 0 0 0 0 0.00307917 -0.000894257 -0.00127826 0.0034518 0 9.02719 59.9493 288.477 0 
1 22 0 0 0 0 0.000175456 0.00039217 -0.000285787 0.000516 0 9.02719 59.9493 288.477 0 
256 4
1 22 0 0 0 0 0.00160201 0.00147556 -0.00299153 0.0037004 0 3.72264 -63.7365 93.2533 0 
1 22 0 0 0 0 -0.000191722 0.000657932 -0.000787991 0.0010443 0 3.72264 -63.7365 93.2533 0 
1 22 0 0 0 0 -0.000563902 0.000898172 -0.000532726 0.0011868 0 3.72264 -63.7365 93.2533 0 
1 22 0 0 0 0 4.38505e-05 0.000161442 1.71594e-06 0.0001673 0 3.72264 -63.7365 93.2533 0 
257 3
1 22 0 0 0 0 -0.00440352 0.000985307 -0.00146738 0.004745 0 -8.72888 -1.10242 109.636 121241 
1 22 0 0 0 0 0.000655836 -7.19905e-05 -0.000986504 0.0011868 0 -8.72888 -1.10242 109.636 121241 
1 22 0 0 0 0 -0.000157545 4.85223e-05 -2.85397e-05 0.0001673 0 -8.72888 -1.10242 109.636 121241 
258 3
1 22 0 0 0 0 0.00222676 -0.00405466 -0.00105654 0.004745 0 3.3378 37.2561 41.0617 0 
1 22 0 0 0 0 0.000677722 0.000934471 -0.000275593 0.0011868 0 3.3378 37.2561 41.0617 0 
1 22 0 0 0 0 -2.40342e-05 6.47509e-05 -0.000152378 0.0001673 0 3.3378 37.2561 41.0617 0 
259 3
1 22 0 0 0 0 -0.00315196 0.00353518 0.000287571 0.004745 0 -0.291331 155.319 153.79 0 
1 22 0 0 0 0 0.000791065 -0.000513413 -0.000720497 0.0011868 0 -0.291331 155.319 153.79 0 
1 22 0 0 0 0 -3.82679e-05 0.00016286 1.22047e-06 0.0001673 0 -0.291331 155.319 153.79 0 
260 3
1 22 0 0 0 0 9.40564e-05 0.000687485 0.00469399 0.004745 0 9.43353 -113.904 225.556 0 
1 22 0 0 0 0 0.000665435 -0.000919557 0.000346562 0.0011868 0 9.43353 -113.904 225.556 0 
1 22 0 0 0 0 0.000151593 -5.94288e-05 3.84322e-05 0.0001673 0 9.43353 -113.904 225.556 0 
261 3
1 22 0 0 0 0 0.00114062 0.00179078 0.00017881 0.0021307 0 10.2562 -1.79155 14.2232 442161 
1 22 0 0 0 0 -0.00288428 -0.00154518 0.00109921 0.0034518 0 10.2562 -1.79155 14.2232 442161 
1 22 0 0 0 0 -0.000164196 -0.000467139 -0.000145179 0.000516 0 10.2562 -1.79155 14.2232 442161 
262 3
1 22 0 0 0 0 -0.00288965 0.000686866 0.00104971 0.0031502 0 -0.947979 113.407 14.3715 0 
1 22 0 0 0 0 0.00152264 0.00217367 -0.000833745 0.0027818 0 -0.947979 113.407 14.3715 0 
1 22 0 0 0 0 -0.00013684 -7.57781e-05 5.9344e-05 0.0001673 0 -0.947979 113.407 14.3715 0 
263 3
1 22 0 0 0 0 -0.00291709 0.000139714 -0.00475708 0.005582 0 0.770546 -67.9987 244.858 0 
1 22 0 0 0 0 -0.000183182 6.48103e-05 0.000289544 0.0003487 0 0.770546 -67.9987 244.858 0 
1 22 0 0 0 0 -4.0909e-05 0.000160046 -2.64785e-05 0.0001673 0 0.770546 -67.9987 244.858 0 
264 3
1 22 0 0 0 0 0.00423126 -0.00173783 0.00126151 0.004745 0 -11.2269 -41.2067 30.5673 0 
1 22 0 0 0 0 -0.00095005 0.00054865 -0.00045264 0.0011868 0 -11.2269 -41.2067 30.5673 0 
1 22 0 0 0 0 -0.000112195 -0.000120641 2.91085e-05 0.0001673 0 -11.2269 -41.2067 30.5673 0 
265 2
1 22 0 0 0 0 0.00469169 1.77725e-05 -0.000709042 0.004745 0 -8.66877 36.3981 20.4103 0 
1 22 0 0 0 0 8.41403e-05 -0.000663122 0.0011775 0.001354 0 -8.66877 36.3981 20.4103 0 
266 3
1 22 0 0 0 0 -0.00232181 0.00403023 0.00093889 0.004745 0 -1.5587 99.5761 174.92 0 
1 22 0 0 0 0 0.000676829 -0.000165877 -0.000960667 0.0011868 0 -1.5587 99.5761 174.92 0 
1 22 0 0 0 0 -8.23514e-05 1.19547e-05 -0.000145137 0.0001673 0 -1.5587 99.5761 174.92 0 
267 3
1 22 0 0 0 0 0.00144623 0.00109583 0.00111689 0.0021307 0 -2.57654 101.193 118.098 0 
1 22 0 0 0 0 -0.000737226 0.00249812 0.00226514 0.0034518 0 -2.57654 101.193 118.098 0 
1 22 0 0 0 0 0.000309212 -0.000375552 0.00017206 0.000516 0 -2.57654 101.193 118.098 0 
268 3
1 22 0 0 0 0 -0.00479531 -0.0016266 1.61535e-05 0.0050637 0 2.73375 48.7867 73.0042 0 
1 22 0 0 0 0 -0.000274511 0.00026428 -0.000779108 0.0008673 0 2.73375 48.7867 73.0042 0 
1 22 0 0 0 0 3.11521e-05 0.000164057 1.01996e-05 0.0001673 0 2.73375 48.7867 73.0042 0 
269 3
1 22 0 0 0 0 0.000758375 -0.00467844 0.000228154 0.004745 0 -5.89994 137.786 103.437 0 
1 22 0 0 0 0 -0.000589912 0.000493178 0.000904032 0.0011868 0 -5.89994 137.786 103.437 0 
1 22 0 0 0 0 0.00011403 -0.000121327 -1.63105e-05 0.0001673 0 -5.89994 137.786 103.437 0 
270 4
1 22 0 0 0 0 -0.00161301 0.00066366 -0.00326354 0.0037004 0 -8.85094 56.5725 292.118 0 
1 22 0 0 0 0 -2.45336e-05 0.000236491 0.00101687 0.0010443 0 -8.85094 56.5725 292.118 0 
1 22 0 0 0 0 -0.000467172 -0.00106148 0.000251983 0.0011868 0 -8.85094 56.5725 292.118 0 
1 22 0 0 0 0 0.000142964 -8.21554e-05 -2.83052e-05 0.0001673 0 -8.85094 56.5725 292.118 0 
271 3
1 22 0 0 0 0 0.00179082 0.004145 -0.00145842 0.004745 0 -0.698757 -141.081 227.353 0 
1 22 0 0 0 0 -0.000954938 0.000355771 -0.000608288 0.0011868 0 -0.698757 -141.081 227.353 0 
1 22 0 0 0 0 -0.000153701 1.92299e-05 6.32097e-05 0.0001673 0 -0.698757 -141.081 227.353 0 
272 3
1 22 0 0 0 0 -0.00324424 0.000541106 -0.0034201 0.004745 0 3.84042 -40.3834 38.4896 0 
1 22 0 0 0 0 -0.000999393 0.000159387 -0.000619921 0.0011868 0 3.84042 -40.3834 38.4896 0 
1 22 0 0 0 0 -0.000130646 5.74192e-05 -8.73158e-05 0.0001673 0 3.84042 -40.3834 38.4896 0 
273 3
1 22 0 0 0 0 0.000550814 0.000538271 0.00468208 0.004745 0 8.23129 123.169 156.368 0 
1 22 0 0 0 0 -0.000828849 0.000294055 0.000796891 0.0011868 0 8.23129 123.169 156.368 0 
1 22 0 0 0 0 -5.58904e-05 0.000113196 -0.000109782 0.0001673 0 8.23129 123.169 156.368 0 
274 3
1 22 0 0 0 0 0.00300442 -0.00294627 -0.00219272 0.004745 0 8.02024 -1.04065 187.822 1.23314e+06 
1 22 0 0 0 0 -1.11588e-05 0.000835363 0.000842934 0.0011868 0 8.02024 -1.04065 187.822 1.23314e+06 
1 22 0 0 0 0 0.000113158 9.75475e-05 7.52938e-05 0.0001673 0 8.02024 -1.04065 187.822 1.23314e+06 
275 3
1 22 0 0 0 0 0.00105711 -0.00104363 0.00450648 0.004745 0 9.81557 153.573 243.219 0 
1 22 0 0 0 0 -0.000261066 0.000991725 0.000597345 0.0011868 0 9.81557 153.573 243.219 0 
1 22 0 0 0 0 0.000131926 -7.68454e-05 6.84082e-05 0.0001673 0 9.81557 153.573 243.219 0 
276 3
1 22 0 0 0 0 -0.00459891 -0.000341431 0.00314518 0.005582 0 8.58428 -59.7143 46.28 0 
1 22 0 0 0 0 -0.000264473 7.80393e-05 0.000213437 0.0003487 0 8.58428 -59.7143 46.28 0 
1 22 0 0 0 0 -7.13815e-05 5.4699e-05 0.000141074 0.0001673 0 8.58428 -59.7143 46.28 0 
277 3
1 22 0 0 0 0 -0.00429844 -0.000839318 -0.00182593 0.004745 0 10.1045 -151.495 100.152 0 
1 22 0 0 0 0 -0.000638419 0.00087509 0.000484904 0.0011868 0 10.1045 -151.495 100.152 0 
1 22 0 0 0 0 -6.23238e-05 0.000120165 -9.83125e-05 0.0001673 0 10.1045 -151.495 100.152 0 
278 4
1 22 0 0 0 0 -0.00233884 -0.000209529 0.00285987 0.0037004 0 0.21111 -132.888 30.0653 0 
1 22 0 0 0 0 0.000627411 -4.83423e-05 -0.000833415 0.0010443 0 0.21111 -132.888 30.0653 0 
1 22 0 0 0 0 0.000537466 -0.000780657 -0.000714282 0.0011868 0 0.21111 -132.888 30.0653 0 
1 22 0 0 0 0 -0.000127195 7.05297e-05 -8.2682e-05 0.0001673 0 0.21111 -132.888 30.0653 0 
279 3
1 22 0 0 0 0 -0.00249811 -0.00277463 -0.00292846 0.004745 0 10.7219 82.4248 208.009 0 
1 22 0 0 0 0 -0.000796503 0.000250425 -0.000843424 0.0011868 0 10.7219 82.4248 208.009 0 
1 22 0 0 0 0 6.90173e-05 8.5025e-05 0.000126478 0.0001673 0 10.7219 82.4248 208.009 0 
280 2
1 22 0 0 0 0 0.000836863 -0.00182581 -0.00520815 0.005582 0 5.66378 89.8481 222.495 0 
1 22 0 0 0 0 -0.000340142 0.000368643 -0.000121084 0.000516 0 5.66378 89.8481 222.495 0 
281 3
1 22 0 0 0 0 0.0020088 -0.00242576 -6.48422e-05 0.0031502 0 -7.28526 -4.49175 7.45206 511275 
1 22 0 0 0 0 -0.00124858 -0.000330808 -0.00246374 0.0027818 0 -7.28526 -4.49175 7.45206 511275 
1 22 0 0 0 0 0.000145509 -6.52945e-05 -5.05274e-05 0.0001673 0 -7.28526 -4.49175 7.45206 511275 
282 3
1 22 0 0 0 0 -0.00263266 0.00158559 -0.0013717 0.0033655 0 6.46929 -119.484 146.005 0 
1 22 0 0 0 0 -1.11434e-05 0.00189687 0.00172819 0.0025661 0 6.46929 -119.484 146.005 0 
1 22 0 0 0 0 0.00015372 5.7693e-05 -3.21111e-05 0.0001673 0 6.46929 -119.484 146.005 0 
283 4
1 22 0 0 0 0 -0.000159602 -0.00309724 0.00201856 0.0037004 0 1.70166 4.56285 195.605 297361 
1 22 0 0 0 0 0.00022218 0.000862167 0.000545771 0.0010443 0 1.70166 4.56285 195.605 297361 
1 22 0 0 0 0 0.000378289 -0.00029913 0.0010844 0.0011868 0 1.70166 4.56285 195.605 297361 
1 22 0 0 0 0 0.000156844 -3.51901e-05 4.63784e-05 0.0001673 0 1.70166 4.56285 195.605 297361 
284 3
1 22 0 0 0 0 -0.00274473 0.00186874 -0.00338959 0.004745 0 7.29463 -41.5203 12.4167 0 
1 22 0 0 0 0 0.000574352 -0.000864647 0.000575326 0.0011868 0 7.29463 -41.5203 12.4167 0 
1 22 0 0 0 0 -9.0438e-05 -0.000137714 2.90685e-05 0.0001673 0 7.29463 -41.5203 12.4167 0 
285 3
1 22 0 0 0 0 -0.00329453 0.000343489 -0.00059555 0.0033655 0 -9.07601 132.698 120.98 0 
1 22 0 0 0 0 -0.0023672 0.000762263 0.000632614 0.0025661 0 -9.07601 132.698 120.98 0 
1 22 0 0 0 0 0.000116926 -0.000119654 7.18398e-07 0.0001673 0 -9.07601 132.698 120.98 0 
286 4
1 22 0 0 0 0 -0.00111452 -0.0001629 0.00352481 0.0037004 0 7.08234 -37.0267 101.059 0 
1 22 0 0 0 0 -0.000111268 0.000299816 0.000994129 0.0010443 0 7.08234 -37.0267 101.059 0 
1 22 0 0 0 0 0.000385817 0.000329803 0.00107279 0.0011868 0 7.08234 -37.0267 101.059 0 
1 22 0 0 0 0 0.000139107 -8.02526e-05 4.68831e-05 0.0001673 0 7.08234 -37.0267 101.059 0 
287 3
1 22 0 0 0 0 0.00398188 -0.00186529 -0.00178335 0.004745 0 1.25666 153.823 170.799 0 
1 22 0 0 0 0 -0.000144871 -0.00113928 0.000299251 0.0011868 0 1.25666 153.823 170.799 0 
1 22 0 0 0 0 0.000136406 1.87352e-05 9.50353e-05 0.0001673 0 1.25666 153.823 170.799 0 
288 3
1 22 0 0 0 0 -0.00182599 -0.00098193 0.00237178 0.0031502 0 -2.99172 148.192 24.2182 0 
1 22 0 0 0 0 0.000431324 0.000563794 0.0026897 0.0027818 0 -2.99172 148.192 24.2182 0 
1 22 0 0 0 0 1.17192e-05 2.33205e-05 -0.000165252 0.0001673 0 -2.99172 148.192 24.2182 0 
289 3
1 22 0 0 0 0 0.00320301 -0.002983 0.00183235 0.004745 0 6.34004 76.2998 117.769 0 
1 22 0 0 0 0 0.000981022 0.000551094 0.00037734 0.0011868 0 6.34004 76.2998 117.769 0 
1 22 0 0 0 0 0.000119011 0.000109658 -4.24362e-05 0.0001673 0 6.34004 76.2998 117.769 0 
290 3
1 22 0 0 0 0 -0.00204425 -0.0020281 0.00377132 0.004745 0 7.41856 -32.7832 146.344 0 
1 22 0 0 0 0 0.000390611 -0.000548605 0.000977215 0.0011868 0 7.41856 -32.7832 146.344 0 
1 22 0 0 0 0 7.41436e-05 -9.98778e-05 0.000111877 0.0001673 0 7.41856 -32.7832 146.344 0 
291 4
1 22 0 0 0 0 0.00192125 0.000962508 -0.00423053 0.004745 0 5.59446 119.879 136.883 0 
1 22 0 0 0 0 -0.00072849 3.87647e-06 0.000413556 0.0008377 0 5.59446 119.879 136.883 0 
1 22 0 0 0 0 0.000206481 0.000221354 0.000173089 0.0003487 0 5.59446 119.879 136.883 0 
1 22 0 0 0 0 -3.73092e-05 -0.000162729 1.07998e-05 0.0001673 0 5.59446 119.879 136.883 0 
292 4
1 22 0 0 0 0 0.000313959 0.000543058 -0.00269989 0.0027718 0 -0.650058 -67.75 140.943 0 
1 22 0 0 0 0 -0.00229909 0.000723362 0.00144563 0.0028105 0 -0.650058 -67.75 140.943 0 
1 22 0 0 0 0 0.000187657 4.93821e-05 0.00028972 0.0003487 0 -0.650058 -67.75 140.943 0 
1 22 0 0 0 0 2.51007e-05 0.000117443 0.000116474 0.0001673 0 -0.650058 -67.75 140.943 0 
293 4
1 22 0 0 0 0 0.000590555 0.00076199 -0.00357261 0.0037004 0 -2.61102 6.39861 159.239 1.13916e+06 
1 22 0 0 0 0 -0.00041974 -0.00091198 0.00028753 0.0010443 0 -2.61102 6.39861 159.239 1.13916e+06 
1 22 0 0 0 0 0.000166055 0.00110657 0.0003955 0.0011868 0 -2.61102 6.39861 159.239 1.13916e+06 
1 22 0 0 0 0 -1.27137e-05 1.45213e-06 -0.00016681 0.0001673 0 -2.61102 6.39861 159.239 1.13916e+06 
294 2
1 22 0 0 0 0 0.00158922 0.00144534 0.00423088 0.004745 0 1.97101 -56.4199 116.59 0 
1 22 0 0 0 0 -0.00106525 -0.000788821 0.000276258 0.001354 0 1.97101 -56.4199 116.59 0 
295 3
1 22 0 0 0 0 -0.00456706 -0.000866881 -0.000951601 0.004745 0 4.22347 -39.0615 10.2933 0 
1 22 0 0 0 0 -0.000144565 -0.000685391 0.000958037 0.0011868 0 4.22347 -39.0615 10.2933 0 
1 22 0 0 0 0 7.20951e-05 -2.96386e-05 0.000148031 0.0001673 0 4.22347 -39.0615 10.2933 0 
296 4
1 22 0 0 0 0 0.0030747 -0.00336418 0.00132045 0.004745 0 10.4114 89.8966 195.151 0 
1 22 0 0 0 0 0.00050446 0.000642415 -0.000185915 0.0008377 0 10.4114 89.8966 195.151 0 
1 22 0 0 0 0 0.000233731 0.000102144 0.000237756 0.0003487 0 10.4114 89.8966 195.151 0 
1 22 0 0 0 0 5.86215e-05 4.70304e-05 -0.000149469 0.0001673 0 10.4114 89.8966 195.151 0 
297 3
1 22 0 0 0 0 0.00257747 -0.00179419 0.000247574 0.0031502 0 3.55479 -48.5315 9.35506 0 
1 22 0 0 0 0 -0.000287301 6.96938e-05 0.00241447 0.0024325 0 3.55479 -48.5315 9.35506 0 
1 22 0 0 0 0 0.000452418 0.000174193 -0.000176723 0.000516 0 3.55479 -48.5315 9.35506 0 
298 3
1 22 0 0 0 0 0.00225842 0.00119248 -0.00399907 0.004745 0 2.3088 -43.8521 29.0203 0 
1 22 0 0 0 0 0.000659339 -7.11349e-07 0.000986796 0.0011868 0 2.3088 -43.8521 29.0203 0 
1 22 0 0 0 0 -0.000148811 -2.73769e-05 -7.1379e-05 0.0001673 0 2.3088 -43.8521 29.0203 0 
299 3
1 22 0 0 0 0 -0.00162477 -0.00244687 0.00164303 0.0033655 0 0.702779 114.22 139.087 0 
1 22 0 0 0 0 0.000564259 -0.00157924 -0.00194229 0.0025661 0 0.702779 114.22 139.087 0 
1 22 0 0 0 0 0.00012199 -0.000107333 -3.98412e-05 0.0001673 0 0.702779 114.22 139.087 0 
